[gd_scene load_steps=54 format=3 uid="uid://igrc84teqrtw"]

[ext_resource type="PackedScene" uid="uid://cgdbgwbr2lq71" path="res://Models/NEW Zombie/zombie.glb" id="1_7dofb"]

[sub_resource type="CapsuleShape3D" id="CapsuleShape3D_4ru28"]
radius = 0.853856
height = 8.53856

[sub_resource type="CapsuleShape3D" id="CapsuleShape3D_h15oy"]
radius = 0.184335
height = 0.860931

[sub_resource type="CapsuleShape3D" id="CapsuleShape3D_yf4vm"]
radius = 1.58754
height = 15.8754

[sub_resource type="CapsuleShape3D" id="CapsuleShape3D_mntmy"]
radius = 2.61739
height = 26.1739

[sub_resource type="CapsuleShape3D" id="CapsuleShape3D_2dktg"]
radius = 1.43699
height = 14.3699

[sub_resource type="CapsuleShape3D" id="CapsuleShape3D_432o6"]
radius = 0.122155
height = 0.320529

[sub_resource type="CapsuleShape3D" id="CapsuleShape3D_fgj7t"]
radius = 1.40527
height = 14.0527

[sub_resource type="CapsuleShape3D" id="CapsuleShape3D_y54wu"]
radius = 0.0875145
height = 0.421427

[sub_resource type="CapsuleShape3D" id="CapsuleShape3D_ftuuo"]
radius = 0.0727981
height = 0.385628

[sub_resource type="BoxShape3D" id="BoxShape3D_2gynb"]
size = Vector3(0.0739136, 0.183819, 0.138123)

[sub_resource type="CapsuleShape3D" id="CapsuleShape3D_jdtiv"]
radius = 0.190816
height = 1.90816

[sub_resource type="CapsuleShape3D" id="CapsuleShape3D_myxdv"]
radius = 0.469459
height = 4.69459

[sub_resource type="CapsuleShape3D" id="CapsuleShape3D_3htbp"]
radius = 0.32711
height = 3.2711

[sub_resource type="CapsuleShape3D" id="CapsuleShape3D_te51h"]
radius = 0.340992
height = 3.40992

[sub_resource type="CapsuleShape3D" id="CapsuleShape3D_hbud0"]
radius = 0.317573
height = 3.17573

[sub_resource type="CapsuleShape3D" id="CapsuleShape3D_0iom7"]
radius = 0.309714
height = 3.09714

[sub_resource type="CapsuleShape3D" id="CapsuleShape3D_jocpt"]
radius = 0.357789
height = 3.57789

[sub_resource type="CapsuleShape3D" id="CapsuleShape3D_wih57"]
radius = 0.344564
height = 3.44565

[sub_resource type="CapsuleShape3D" id="CapsuleShape3D_sqeum"]
radius = 0.293514
height = 2.93514

[sub_resource type="CapsuleShape3D" id="CapsuleShape3D_gqhtr"]
radius = 0.277863
height = 2.77863

[sub_resource type="CapsuleShape3D" id="CapsuleShape3D_t5nog"]
radius = 0.29061
height = 2.9061

[sub_resource type="CapsuleShape3D" id="CapsuleShape3D_q8pju"]
radius = 0.221246
height = 2.21246

[sub_resource type="CapsuleShape3D" id="CapsuleShape3D_40ijp"]
radius = 0.195227
height = 1.95227

[sub_resource type="CapsuleShape3D" id="CapsuleShape3D_m1hu2"]
radius = 0.276943
height = 2.76943

[sub_resource type="CapsuleShape3D" id="CapsuleShape3D_sqnwk"]
radius = 1.40527
height = 14.0527

[sub_resource type="CapsuleShape3D" id="CapsuleShape3D_16wh7"]
radius = 0.0901013
height = 0.42921

[sub_resource type="CapsuleShape3D" id="CapsuleShape3D_w534t"]
radius = 0.0734576
height = 0.403883

[sub_resource type="BoxShape3D" id="BoxShape3D_xd1sm"]
size = Vector3(0.0852966, 0.141144, 0.19838)

[sub_resource type="CapsuleShape3D" id="CapsuleShape3D_hui8t"]
radius = 0.230722
height = 2.30722

[sub_resource type="CapsuleShape3D" id="CapsuleShape3D_6nfco"]
radius = 0.19081
height = 1.9081

[sub_resource type="CapsuleShape3D" id="CapsuleShape3D_12b5j"]
radius = 0.469479
height = 4.69479

[sub_resource type="CapsuleShape3D" id="CapsuleShape3D_70h5h"]
radius = 0.3271
height = 3.271

[sub_resource type="CapsuleShape3D" id="CapsuleShape3D_3blts"]
radius = 0.341001
height = 3.41001

[sub_resource type="CapsuleShape3D" id="CapsuleShape3D_kbtj1"]
radius = 0.3176
height = 3.176

[sub_resource type="CapsuleShape3D" id="CapsuleShape3D_34y4c"]
radius = 0.309699
height = 3.09699

[sub_resource type="CapsuleShape3D" id="CapsuleShape3D_na6jl"]
radius = 0.3578
height = 3.578

[sub_resource type="CapsuleShape3D" id="CapsuleShape3D_l5ch7"]
radius = 0.3445
height = 3.445

[sub_resource type="CapsuleShape3D" id="CapsuleShape3D_msi0i"]
radius = 0.293499
height = 2.93499

[sub_resource type="CapsuleShape3D" id="CapsuleShape3D_6i7mi"]
radius = 0.277799
height = 2.77799

[sub_resource type="CapsuleShape3D" id="CapsuleShape3D_ybotc"]
radius = 0.290602
height = 2.90602

[sub_resource type="CapsuleShape3D" id="CapsuleShape3D_7puyq"]
radius = 0.221211
height = 2.21211

[sub_resource type="CapsuleShape3D" id="CapsuleShape3D_p3iof"]
radius = 0.195301
height = 1.95301

[sub_resource type="CapsuleShape3D" id="CapsuleShape3D_rigmt"]
radius = 0.2769
height = 2.769

[sub_resource type="CapsuleShape3D" id="CapsuleShape3D_okq6k"]
radius = 0.121634
height = 0.4686

[sub_resource type="CapsuleShape3D" id="CapsuleShape3D_nafrj"]
radius = 0.10766
height = 0.614454

[sub_resource type="BoxShape3D" id="BoxShape3D_xjcl0"]
size = Vector3(0.0762329, 0.324219, 0.122437)

[sub_resource type="CapsuleShape3D" id="CapsuleShape3D_hub73"]
radius = 1.00078
height = 10.0078

[sub_resource type="CapsuleShape3D" id="CapsuleShape3D_1ruyg"]
radius = 0.124122
height = 0.527618

[sub_resource type="CapsuleShape3D" id="CapsuleShape3D_plhey"]
radius = 0.0988657
height = 0.56163

[sub_resource type="BoxShape3D" id="BoxShape3D_a7x7i"]
size = Vector3(0.132324, 0.332642, 0.0692139)

[sub_resource type="CapsuleShape3D" id="CapsuleShape3D_aa4a7"]
radius = 1.0008
height = 10.008

[sub_resource type="CapsuleShape3D" id="CapsuleShape3D_ot87u"]
radius = 0.2
height = 2.03305

[node name="zombie" instance=ExtResource("1_7dofb")]

[node name="Skeleton3D" parent="Armature" index="0"]
bones/0/rest = Transform3D(0.945897, -0.00608522, -0.324411, 0.31892, 0.201534, 0.926107, 0.0597441, -0.979463, 0.192571, 0.863588, -1.05356, -102.963)
bones/0/position = Vector3(0.86359, -1.05355, -102.963)
bones/0/rotation = Quaternion(-0.622855, -0.125565, 0.106231, 0.764853)
bones/1/rest = Transform3D(0.999444, -0.0319486, -0.00955041, 0.031329, 0.997755, -0.0591939, 0.0114201, 0.0588618, 0.998201, 1.92743e-05, 8.53651, 0.187089)
bones/1/rotation = Quaternion(0.0295309, -0.0052455, 0.0158286, 0.999425)
bones/2/rest = Transform3D(0.999458, -0.0261071, -0.0200526, 0.0233124, 0.991397, -0.128796, 0.0232426, 0.128259, 0.991468, 8.79167e-07, 9.68578, -4.32231e-07)
bones/2/position = Vector3(8.79167e-07, 9.68578, -4.32231e-07)
bones/2/rotation = Quaternion(0.0644062, -0.0108478, 0.0123822, 0.997788)
bones/3/rest = Transform3D(0.999484, -0.0262891, -0.0184462, 0.0240182, 0.993183, -0.114065, 0.0213191, 0.113563, 0.993302, -8.34465e-07, 15.8754, -3.49938e-06)
bones/3/position = Vector3(-8.34465e-07, 15.8754, -3.49938e-06)
bones/3/rotation = Quaternion(0.0570068, -0.00995875, 0.0125989, 0.998245)
bones/3/scale = Vector3(1, 1, 1)
bones/4/rest = Transform3D(0.997424, 0.0416059, 0.0584364, -0.0473924, 0.993716, 0.101408, -0.05385, -0.103916, 0.993127, -2.25939e-06, 26.1734, -0.161192)
bones/4/position = Vector3(-2.25939e-06, 26.1734, -0.161192)
bones/4/rotation = Quaternion(-0.0514323, 0.028127, -0.0222935, 0.998031)
bones/4/scale = Vector3(1, 1, 1)
bones/5/rest = Transform3D(0.967761, 0.0206413, 0.251023, -0.116264, 0.920712, 0.372521, -0.22343, -0.389697, 0.893429, -2.38419e-07, 14.3693, 0.127823)
bones/5/position = Vector3(-2.38419e-07, 14.3693, 0.127823)
bones/5/rotation = Quaternion(-0.195972, 0.121985, -0.0351995, 0.972356)
bones/7/rest = Transform3D(1, -3.67612e-22, -4.62192e-22, 3.67612e-22, 1, 3.55271e-15, 4.62192e-22, -3.55271e-15, 1, 3.79812, 2.10749, 10.4781)
bones/7/position = Vector3(3.79812, 2.10749, 10.4781)
bones/9/rest = Transform3D(-0.356711, 0.879941, -0.313787, 0.0999452, -0.29801, -0.949316, -0.928853, -0.369993, 0.0183575, 9.35865, 25.2861, -1.88549)
bones/9/position = Vector3(9.35865, 25.2861, -1.88549)
bones/9/rotation = Quaternion(-0.480349, -0.509986, 0.646738, -0.301511)
bones/9/scale = Vector3(1, 1, 1)
bones/10/rest = Transform3D(0.776751, -0.464372, 0.42546, 0.627772, 0.516595, -0.582264, 0.0505962, 0.719366, 0.692786, 5.47733e-06, 14.0527, -2.30874e-05)
bones/10/position = Vector3(5.47733e-06, 14.0527, -2.30874e-05)
bones/10/rotation = Quaternion(0.37662, 0.108465, 0.316006, 0.864021)
bones/10/scale = Vector3(1, 1, 1)
bones/11/rest = Transform3D(0.100457, -0.994941, -7.59789e-07, 0.994941, 0.100457, -2.30664e-07, 3.05824e-07, -7.32774e-07, 1, 6.33078e-06, 33.6167, 2.99731e-06)
bones/11/position = Vector3(6.33078e-06, 33.6167, 2.99731e-06)
bones/11/rotation = Quaternion(-1.8752e-07, -4.04152e-07, 0.67065, 0.741774)
bones/12/rest = Transform3D(0.931696, -0.151822, 0.329988, -0.0162467, 0.890135, 0.455407, -0.362875, -0.429662, 0.826869, 1.71841e-06, 30.299, -3.95567e-07)
bones/12/position = Vector3(1.71841e-06, 30.299, -3.95567e-07)
bones/12/rotation = Quaternion(-0.231675, 0.181363, 0.0354881, 0.955078)
bones/12/scale = Vector3(1, 1, 1)
bones/13/rest = Transform3D(0.903155, -0.366284, 0.223937, 0.425254, 0.834842, -0.349568, -0.0589105, 0.410944, 0.909755, -3.16123, 5.18091, 3.69329)
bones/13/position = Vector3(-3.16123, 5.18091, 3.69329)
bones/13/rotation = Quaternion(0.199097, 0.0740473, 0.207219, 0.954954)
bones/13/scale = Vector3(1, 1, 1)
bones/14/rest = Transform3D(0.999402, 0.00612916, 0.0340319, -0.00292589, 0.995625, -0.0933891, -0.0344554, 0.0932337, 0.995048, 1.43052e-06, 2.30715, -5.03659e-06)
bones/14/position = Vector3(1.43052e-06, 2.30715, -5.03659e-06)
bones/14/rotation = Quaternion(0.0467137, 0.0171431, -0.00226658, 0.998759)
bones/14/scale = Vector3(1, 1, 1)
bones/15/rest = Transform3D(0.747183, 0.631817, -0.206218, -0.641105, 0.766978, 0.0269977, 0.175222, 0.112035, 0.978134, 6.55652e-06, 1.90816, 1.2517e-05)
bones/15/position = Vector3(6.55652e-06, 1.90816, 1.2517e-05)
bones/15/rotation = Quaternion(0.0227523, -0.102057, -0.340578, 0.934384)
bones/15/scale = Vector3(1, 1, 1)
bones/16/rest = Transform3D(1, -1.11293e-07, -1.49012e-08, 1.11293e-07, 1, 1.49012e-08, 1.49012e-08, -1.49012e-08, 1, 1.78814e-06, 4.69459, 1.12951e-05)
bones/16/position = Vector3(1.78814e-06, 4.69459, 1.12951e-05)
bones/17/rest = Transform3D(0.971585, -0.17651, -0.157695, 0.137487, 0.963185, -0.231023, 0.192667, 0.202778, 0.960084, -3.24983, 13.8717, 0.386113)
bones/17/position = Vector3(-3.24983, 13.8717, 0.386113)
bones/17/rotation = Quaternion(0.109904, -0.088765, 0.0795518, 0.986769)
bones/18/rest = Transform3D(0.998848, 0.0457066, -0.0146493, -0.0479462, 0.936166, -0.348275, -0.0022043, 0.348576, 0.937278, -6.24246e-06, 3.2711, -3.03619e-06)
bones/18/position = Vector3(-6.24246e-06, 3.2711, -3.03619e-06)
bones/18/rotation = Quaternion(0.177062, -0.00316236, -0.0237962, 0.983907)
bones/19/rest = Transform3D(0.995837, 0.0845805, -0.0339889, -0.086639, 0.76235, -0.641339, -0.0283334, 0.641614, 0.766504, -2.13751e-06, 3.40992, -6.19457e-06)
bones/19/position = Vector3(-2.13751e-06, 3.40992, -6.19457e-06)
bones/19/rotation = Quaternion(0.341681, -0.00150617, -0.0456, 0.938708)
bones/20/rest = Transform3D(1, -1.07103e-07, 1.04452e-07, 1.07102e-07, 1, 9.60957e-06, -1.04453e-07, -9.60957e-06, 1, -5.99724e-06, 3.17573, -3.5767e-06)
bones/20/position = Vector3(-5.99724e-06, 3.17573, -3.5767e-06)
bones/21/rest = Transform3D(0.999067, -0.0398802, -0.0165741, 0.0398167, 0.999198, -0.0041409, 0.0167259, 0.00347712, 0.999854, -0.0126702, 14.102, 0.000442389)
bones/21/position = Vector3(-0.0126702, 14.102, 0.000442389)
bones/21/rotation = Quaternion(0.00190492, -0.00832694, 0.0199288, 0.999765)
bones/22/rest = Transform3D(0.993097, 0.0935972, -0.0706904, -0.112313, 0.585077, -0.803163, -0.0338145, 0.805559, 0.59155, -5.19405e-06, 3.09714, -9.39051e-06)
bones/22/position = Vector3(-5.19405e-06, 3.09714, -9.39051e-06)
bones/22/rotation = Quaternion(0.451794, -0.0103564, -0.0578277, 0.890186)
bones/22/scale = Vector3(1, 1, 1)
bones/23/rest = Transform3D(0.99912, 0.0383161, -0.0170534, -0.0416907, 0.951625, -0.304421, 0.00456419, 0.304865, 0.952385, -2.49182e-06, 3.57789, 1.89537e-06)
bones/23/position = Vector3(-2.49182e-06, 3.57789, 1.89537e-06)
bones/23/rotation = Quaternion(0.1542, -0.00547108, -0.0202485, 0.987817)
bones/23/scale = Vector3(1, 1, 1)
bones/24/rest = Transform3D(1, 2.77535e-07, -2.77655e-07, -2.77533e-07, 1, 8.85687e-06, 2.77657e-07, -8.85687e-06, 1, 3.98674e-07, 3.44565, -8.31985e-06)
bones/24/position = Vector3(3.98674e-07, 3.44565, -8.31985e-06)
bones/25/rest = Transform3D(0.978033, 0.207682, 0.0178539, -0.203565, 0.933178, 0.296211, 0.0448569, -0.293339, 0.954956, 3.39084, 13.557, 0.26039)
bones/25/position = Vector3(3.39084, 13.557, 0.26039)
bones/25/rotation = Quaternion(-0.149916, -0.00686665, -0.104576, 0.983129)
bones/25/scale = Vector3(1, 1, 1)
bones/26/rest = Transform3D(0.998214, 0.053826, -0.0259052, -0.0597345, 0.901887, -0.427823, 0.000335591, 0.428606, 0.903491, 3.89656e-06, 2.93514, 1.12531e-05)
bones/26/position = Vector3(3.89656e-06, 2.93514, 1.12531e-05)
bones/26/rotation = Quaternion(0.219566, -0.00672743, -0.0291138, 0.97514)
bones/27/rest = Transform3D(0.996544, 0.0765738, -0.0321793, -0.0806784, 0.800251, -0.594213, -0.0197496, 0.594756, 0.803663, 5.88677e-06, 2.77863, -3.67136e-06)
bones/27/position = Vector3(5.88677e-06, 2.77863, -3.67136e-06)
bones/27/rotation = Quaternion(0.313301, -0.00327547, -0.0414369, 0.948744)
bones/27/scale = Vector3(1, 1, 1)
bones/28/rest = Transform3D(1, -6.10004e-07, 6.07798e-07, 6.10017e-07, 1, -2.10025e-05, -6.07785e-07, 2.10025e-05, 1, -8.7952e-06, 2.9061, 5.19424e-06)
bones/28/position = Vector3(-8.7952e-06, 2.9061, 5.19424e-06)
bones/29/rest = Transform3D(0.904069, 0.418459, 0.0869032, -0.423558, 0.90441, 0.0513961, -0.0570889, -0.0832741, 0.99489, 6.04354, 12.4073, 0.272613)
bones/29/position = Vector3(6.04354, 12.4073, 0.272613)
bones/29/rotation = Quaternion(-0.0345268, 0.0369168, -0.215877, 0.975111)
bones/30/rest = Transform3D(0.997958, 0.0587254, -0.0251303, -0.0637513, 0.891064, -0.449377, -0.00399716, 0.450062, 0.892989, -2.97336e-06, 2.21246, 3.41046e-06)
bones/30/position = Vector3(-2.97336e-06, 2.21246, 3.41046e-06)
bones/30/rotation = Quaternion(0.231249, -0.00543345, -0.0314891, 0.97237)
bones/31/rest = Transform3D(0.992284, 0.107644, -0.0615198, -0.112258, 0.569401, -0.814359, -0.0526313, 0.814982, 0.577091, 4.83287e-06, 1.95227, 3.65832e-06)
bones/31/position = Vector3(4.83287e-06, 1.95227, 3.65832e-06)
bones/31/rotation = Quaternion(0.459835, -0.0025086, -0.0620608, 0.88583)
bones/32/rest = Transform3D(1, 2.95229e-07, -2.97392e-07, -2.9523e-07, 1, -5.50973e-06, 2.97391e-07, 5.50973e-06, 1, 8.87921e-06, 2.76943, 4.60761e-06)
bones/32/position = Vector3(8.87921e-06, 2.76943, 4.60761e-06)
bones/33/rest = Transform3D(-0.198396, -0.933813, 0.29771, -0.114436, -0.279601, -0.953272, 0.973418, -0.223194, -0.0513898, -9.35865, 25.2863, -1.88549)
bones/33/rotation = Quaternion(0.532117, -0.49249, 0.597203, 0.343006)
bones/33/scale = Vector3(1, 1, 1)
bones/34/rest = Transform3D(0.779851, 0.510174, -0.362704, -0.585186, 0.388471, -0.711792, -0.222237, 0.767341, 0.601496, 6.01815e-06, 14.0527, -1.10223e-05)
bones/34/position = Vector3(6.01815e-06, 14.0527, -1.10223e-05)
bones/34/rotation = Quaternion(0.444377, -0.0422007, -0.32908, 0.832139)
bones/35/rest = Transform3D(0.0303225, 0.99954, 1.20734e-06, -0.99954, 0.0303225, 1.69753e-06, 1.66014e-06, -1.25826e-06, 1, 2.557e-06, 33.6167, 1.24734e-06)
bones/35/position = Vector3(2.557e-06, 33.6167, 1.24734e-06)
bones/35/rotation = Quaternion(-1.17561e-06, -2.71928e-07, -0.696304, 0.717747)
bones/36/rest = Transform3D(0.899035, 0.108902, -0.424118, -0.132057, 0.990914, -0.0254922, 0.417489, 0.0789262, 0.905248, 2.68629e-06, 30.2989, 2.16562e-06)
bones/36/position = Vector3(2.68629e-06, 30.2989, 2.16562e-06)
bones/36/rotation = Quaternion(0.0267997, -0.216004, -0.0618436, 0.974063)
bones/37/rest = Transform3D(0.622594, 0.770948, -0.134223, -0.779061, 0.626804, -0.0134466, 0.0737652, 0.11294, 0.99086, 3.16124, 5.1809, 3.69301)
bones/37/rotation = Quaternion(0.035106, -0.0577724, -0.430541, 0.900036)
bones/38/rest = Transform3D(0.685718, -0.72331, 0.0813253, 0.715646, 0.690371, 0.106012, -0.132824, -0.0144941, 0.991034, -3.21864e-06, 2.30722, 1.0818e-05)
bones/38/position = Vector3(-3.21864e-06, 2.30722, 1.0818e-05)
bones/38/rotation = Quaternion(-0.0328359, 0.0583522, 0.392092, 0.917486)
bones/38/scale = Vector3(1, 1, 1)
bones/39/rest = Transform3D(0.901366, 0.432435, 0.0232131, -0.432883, 0.90123, 0.0199288, -0.0123024, -0.0280116, 0.999532, 1.34097e-06, 1.9081, 9.41562e-06)
bones/39/position = Vector3(1.34097e-06, 1.9081, 9.41562e-06)
bones/39/rotation = Quaternion(-0.012293, 0.00910701, -0.221887, 0.974952)
bones/39/scale = Vector3(1, 1, 1)
bones/40/rest = Transform3D(1, 2.84053e-08, 4.56348e-08, -2.84053e-08, 1, 4.09782e-08, -4.56348e-08, -4.09782e-08, 1, -1.09673e-05, 4.69479, 1.82092e-05)
bones/40/position = Vector3(-1.09673e-05, 4.69479, 1.82092e-05)
bones/41/rest = Transform3D(0.997924, -0.0575216, -0.028959, 0.0640738, 0.932027, 0.356678, 0.00647389, -0.357794, 0.933778, 3.24982, 13.8715, 0.386003)
bones/41/position = Vector3(3.24982, 13.8715, 0.386003)
bones/41/rotation = Quaternion(-0.181741, -0.00901311, 0.0309301, 0.982819)
bones/41/scale = Vector3(1, 1, 1)
bones/42/rest = Transform3D(0.994925, -0.0906212, 0.043715, 0.0952658, 0.708705, -0.699043, 0.0323671, 0.699661, 0.713742, 1.74337e-06, 3.271, 5.98953e-06)
bones/42/position = Vector3(1.74337e-06, 3.271, 5.98953e-06)
bones/42/rotation = Quaternion(0.378312, 0.00306918, 0.0502773, 0.924307)
bones/42/scale = Vector3(1, 1, 1)
bones/43/rest = Transform3D(0.999813, -0.0188006, 0.00453397, 0.0192544, 0.989647, -0.142227, -0.00181308, 0.142288, 0.989824, -1.09986e-05, 3.41001, -4.95311e-06)
bones/43/position = Vector3(-1.09986e-05, 3.41001, -4.95311e-06)
bones/43/rotation = Quaternion(0.0713137, 0.00159088, 0.00953853, 0.997407)
bones/44/rest = Transform3D(1, -1.15484e-07, 1.1916e-07, 1.15484e-07, 1, 4.80441e-06, -1.1916e-07, -4.80441e-06, 1, -6.88211e-06, 3.176, 1.7545e-06)
bones/44/position = Vector3(-6.88211e-06, 3.176, 1.7545e-06)
bones/45/rest = Transform3D(0.998513, -0.0545133, -0.000854574, 0.052975, 0.966393, 0.251551, -0.012887, -0.251222, 0.967844, 0.012679, 14.1025, -2.0089e-06)
bones/45/position = Vector3(0.012679, 14.1025, -2.0089e-06)
bones/45/rotation = Quaternion(-0.126764, 0.00303378, 0.027101, 0.991558)
bones/45/scale = Vector3(1, 1, 1)
bones/46/rest = Transform3D(0.992109, -0.0977823, 0.0784814, 0.117137, 0.499608, -0.858295, 0.0447161, 0.860715, 0.507119, -1.05212e-05, 3.09699, 2.8634e-06)
bones/46/position = Vector3(-1.05212e-05, 3.09699, 2.8634e-06)
bones/46/rotation = Quaternion(0.496332, 0.0097489, 0.0620542, 0.865857)
bones/47/rest = Transform3D(0.995091, -0.0872614, 0.0466829, 0.0950338, 0.710964, -0.696778, 0.027612, 0.697794, 0.715766, 4.77125e-06, 3.578, -1.10304e-06)
bones/47/position = Vector3(4.77125e-06, 3.578, -1.10304e-06)
bones/47/rotation = Quaternion(0.376949, 0.0051547, 0.0492737, 0.924908)
bones/47/scale = Vector3(1, 1, 1)
bones/48/rest = Transform3D(1, -1.35973e-07, 1.37847e-07, 1.35973e-07, 1, 2.19173e-14, -1.37847e-07, -3.17376e-15, 1, 2.40682e-06, 3.445, -2.51685e-06)
bones/48/position = Vector3(2.40682e-06, 3.445, -2.51685e-06)
bones/49/rest = Transform3D(0.990297, -0.132917, 0.0405512, 0.13892, 0.954397, -0.264249, -0.00357865, 0.267318, 0.963602, -3.39083, 13.5575, 0.259991)
bones/49/position = Vector3(-3.39083, 13.5575, 0.259991)
bones/49/rotation = Quaternion(0.134442, 0.0111614, 0.068752, 0.988471)
bones/49/scale = Vector3(1, 1, 1)
bones/50/rest = Transform3D(0.999771, -0.0158425, 0.0143899, 0.0173896, 0.993252, -0.114665, -0.0124762, 0.114889, 0.9933, -1.27841e-05, 2.93499, -3.04795e-06)
bones/50/position = Vector3(-1.27841e-05, 2.93499, -3.04795e-06)
bones/50/rotation = Quaternion(0.057487, 0.00672782, 0.00832222, 0.998289)
bones/50/scale = Vector3(1, 1, 1)
bones/51/rest = Transform3D(0.999889, -0.0129012, 0.00743987, 0.0135678, 0.995106, -0.0978763, -0.00614073, 0.0979664, 0.995171, 2.0644e-06, 2.77799, -1.1498e-05)
bones/51/position = Vector3(2.0644e-06, 2.77799, -1.1498e-05)
bones/51/rotation = Quaternion(0.049021, 0.00339926, 0.00662544, 0.99877)
bones/51/scale = Vector3(1, 1, 1)
bones/52/rest = Transform3D(1, -5.15952e-07, 5.18667e-07, 5.15957e-07, 1, -1.05015e-05, -5.18661e-07, 1.05015e-05, 1, 5.24836e-06, 2.90602, 9.57634e-06)
bones/52/position = Vector3(5.24836e-06, 2.90602, 9.57634e-06)
bones/53/rest = Transform3D(0.98472, -0.156458, 0.0764666, 0.17391, 0.860781, -0.478342, 0.00901924, 0.484331, 0.874838, -6.04355, 12.4074, 0.272995)
bones/53/position = Vector3(-6.04355, 12.4074, 0.272995)
bones/53/rotation = Quaternion(0.24955, 0.0174839, 0.08564, 0.964409)
bones/54/rest = Transform3D(0.992175, -0.105203, 0.0672423, 0.114872, 0.558114, -0.821775, 0.0489242, 0.823068, 0.565831, 1.63152e-06, 2.21211, -2.4669e-06)
bones/54/position = Vector3(1.63152e-06, 2.21211, -2.4669e-06)
bones/54/rotation = Quaternion(0.465894, 0.00518874, 0.0623352, 0.882627)
bones/54/scale = Vector3(1, 1, 1)
bones/55/rest = Transform3D(0.995106, -0.089906, 0.0409873, 0.0937235, 0.727503, -0.679673, 0.0312882, 0.680188, 0.732369, -9.20339e-06, 1.95301, -2.92273e-06)
bones/55/position = Vector3(-9.20339e-06, 1.95301, -2.92273e-06)
bones/55/rotation = Quaternion(0.365798, 0.00260894, 0.0493958, 0.929379)
bones/56/rest = Transform3D(1, -1.42027e-06, 1.42534e-06, 1.42025e-06, 1, 1.65317e-05, -1.42537e-06, -1.65317e-05, 1, 5.20529e-07, 2.769, -1.29411e-06)
bones/57/rest = Transform3D(-0.898807, 0.431889, 0.0749527, -0.211484, -0.577026, 0.788872, 0.383954, 0.69319, 0.609975, 12.031, -12.2925, 0.769718)
bones/57/position = Vector3(12.031, -12.2925, 0.769718)
bones/57/rotation = Quaternion(0.13062, 0.421843, 0.878323, -0.183126)
bones/57/scale = Vector3(1, 1, 1)
bones/58/rest = Transform3D(0.988848, -0.0127323, -0.148386, 0.125259, 0.610075, 0.78238, 0.0805649, -0.792241, 0.604866, -9.46492e-07, 38.169, 1.71782e-07)
bones/58/rotation = Quaternion(-0.439859, -0.0639558, 0.0385466, 0.894957)
bones/58/scale = Vector3(1, 1, 1)
bones/59/rest = Transform3D(0.946817, 0.1492, -0.28509, -0.321078, 0.379935, -0.867501, -0.0211152, 0.912901, 0.407634, -9.61937e-07, 53.63, 7.71364e-07)
bones/59/position = Vector3(-9.61937e-07, 53.63, 7.71364e-07)
bones/59/rotation = Quaternion(0.538342, -0.0798183, -0.142198, 0.826799)
bones/59/scale = Vector3(1, 1, 1)
bones/60/rest = Transform3D(1, 1.60476e-06, 1.08104e-06, -7.70074e-07, 0.842627, -0.538498, -1.77507e-06, 0.538498, 0.842627, 2.87108e-05, 20.2, -4.01012e-06)
bones/60/rotation = Quaternion(0.280511, 6.35627e-07, -6.11726e-07, 0.959851)
bones/60/scale = Vector3(1, 1, 1)
bones/62/rest = Transform3D(-0.941915, -0.305224, -0.140123, 0.123488, -0.702738, 0.700652, -0.312324, 0.642649, 0.699614, -12.031, -12.2925, 0.769723)
bones/62/position = Vector3(-12.031, -12.2925, 0.769723)
bones/62/rotation = Quaternion(-0.123703, 0.367283, 0.914365, 0.117211)
bones/62/scale = Vector3(1, 1, 1)
bones/63/rest = Transform3D(0.985822, 0.00585785, 0.16769, -0.135424, 0.617842, 0.774552, -0.0990689, -0.78628, 0.609876, -4.04856e-06, 38.169, -1.96208e-06)
bones/63/position = Vector3(-4.04856e-06, 38.169, -1.96208e-06)
bones/63/rotation = Quaternion(-0.435344, 0.0744056, -0.0394065, 0.896318)
bones/64/rest = Transform3D(0.954615, -0.128189, 0.268847, 0.296266, 0.315883, -0.901357, 0.0306203, 0.940099, 0.339524, 3.4337e-07, 53.63, 3.00217e-07)
bones/64/rotation = Quaternion(0.569911, 0.0737284, 0.131365, 0.80778)
bones/64/scale = Vector3(1, 1, 1)
bones/65/rest = Transform3D(0.999993, -2.04038e-05, -0.00378862, -0.00200802, 0.845128, -0.534561, 0.00321278, 0.534564, 0.845122, -1.71879e-06, 20.2, 2.18518e-06)
bones/65/position = Vector3(-1.71879e-06, 20.2, 2.18518e-06)
bones/65/rotation = Quaternion(0.27827, -0.00182597, -0.000518491, 0.960501)
bones/66/rest = Transform3D(1, 5.06262e-14, -9.24816e-14, -5.06262e-14, 1, 2.13622e-08, 9.24816e-14, -2.13622e-08, 1, -5.246e-07, 10.008, -6.11068e-07)

[node name="PhysicalBoneSimulator3D" type="PhysicalBoneSimulator3D" parent="Armature/Skeleton3D" index="1"]

[node name="Physical Bone mixamorig_Hips" type="PhysicalBone3D" parent="Armature/Skeleton3D/PhysicalBoneSimulator3D" index="0"]
transform = Transform3D(-80.2662, 58.5397, 11.4213, -58.0956, -72.4021, -37.1864, -13.4996, -36.4834, 92.1234, -0.201966, -0.638544, -95.0367)
visible = false
joint_offset = Transform3D(1, 0, 0, 0, 1, 0, 0, 0, 1, 0.00455831, 0.0381601, -0.0702592)
body_offset = Transform3D(-95.2579, 30.1024, 4.44769, 2.00253, 20.7864, -97.7953, -30.3632, -93.0686, -20.4035, -0.402004, -7.67336, 2.25638)
bone_name = "mixamorig_Hips"

[node name="CollisionShape3D" type="CollisionShape3D" parent="Armature/Skeleton3D/PhysicalBoneSimulator3D/Physical Bone mixamorig_Hips" index="0"]
transform = Transform3D(1, 0, 0, 0, 0, 1, 0, -1, 0, 0, 0, 0)
shape = SubResource("CapsuleShape3D_4ru28")

[node name="Physical Bone mixamorig_Spine" type="PhysicalBone3D" parent="Armature/Skeleton3D/PhysicalBoneSimulator3D" index="1"]
transform = Transform3D(78.0849, -58.4508, 22.051, 60.8977, 63.3438, -47.7393, 13.9361, 50.7057, 85.0571, -1.25671, 2.87415, -103.044)
joint_type = 1
joint_offset = Transform3D(1, 0, 0, 0, 1, 0, 0, 0, 1, -0.00819881, -0.0664214, -0.0559842)
body_offset = Transform3D(94.3894, -32.1865, 7.3935, -2.86814, -30.2926, -95.2582, 32.9, 89.7017, -29.5162, -0.950076, -7.36855, 4.57541)
bone_name = "mixamorig_Spine"
joint_constraints/bias = 0.3
joint_constraints/damping = 1.0
joint_constraints/impulse_clamp = 0.0

[node name="CollisionShape3D" type="CollisionShape3D" parent="Armature/Skeleton3D/PhysicalBoneSimulator3D/Physical Bone mixamorig_Spine" index="0"]
transform = Transform3D(0.999945, 0.0103088, -0.00187251, 0.00157011, 0.0292691, 0.99957, 0.0103591, -0.999519, 0.0292516, 0.00312469, 0.0235197, -0.0894057)
shape = SubResource("CapsuleShape3D_h15oy")

[node name="Physical Bone mixamorig_Spine1" type="PhysicalBone3D" parent="Armature/Skeleton3D/PhysicalBoneSimulator3D" index="2"]
transform = Transform3D(74.4737, -53.7092, 39.6105, 63.1605, 37.5588, -67.8239, 21.5504, 75.5291, 61.8945, -4.67214, 8.92235, -111.808)
visible = false
joint_type = 1
joint_offset = Transform3D(1, 0, 0, 0, 1, 0, 0, 0, 1, -0.0187239, -0.114551, 0.00324814)
body_offset = Transform3D(92.6004, -35.355, 13.2358, -6.92075, -50.3647, -86.1133, 37.1115, 78.8253, -49.0848, -2.35908, -5.61918, 9.88378)
bone_name = "mixamorig_Spine1"
joint_constraints/bias = 0.3
joint_constraints/damping = 1.0
joint_constraints/impulse_clamp = 0.0

[node name="CollisionShape3D" type="CollisionShape3D" parent="Armature/Skeleton3D/PhysicalBoneSimulator3D/Physical Bone mixamorig_Spine1" index="0"]
transform = Transform3D(1, 0, 0, 0, 0, 1, 0, -1, 0, 0, 0, 0)
shape = SubResource("CapsuleShape3D_yf4vm")

[node name="Physical Bone mixamorig_Spine2" type="PhysicalBone3D" parent="Armature/Skeleton3D/PhysicalBoneSimulator3D" index="3"]
transform = Transform3D(72.2731, -44.0419, 53.2626, 62.241, 7.97485, -77.8618, 30.0442, 89.4243, 33.1758, -13.7246, 22.1167, -120.221)
visible = false
joint_type = 1
joint_offset = Transform3D(1, 0, 0, 0, 1, 0, 0, 0, 1, -0.0418078, -0.199213, 0.117307)
body_offset = Transform3D(90.7933, -37.4661, 18.785, -12.5654, -67.092, -73.0806, 39.9837, 63.9918, -65.6228, -5.87147, -5.31805, 22.1176)
bone_name = "mixamorig_Spine2"
joint_constraints/bias = 0.3
joint_constraints/damping = 1.0
joint_constraints/impulse_clamp = 0.0

[node name="CollisionShape3D" type="CollisionShape3D" parent="Armature/Skeleton3D/PhysicalBoneSimulator3D/Physical Bone mixamorig_Spine2" index="0"]
transform = Transform3D(1, 0, 0, 0, 0, 1, 0, -1, 0, 0, 0, 0)
shape = SubResource("CapsuleShape3D_mntmy")

[node name="Physical Bone mixamorig_Neck" type="PhysicalBone3D" parent="Armature/Skeleton3D/PhysicalBoneSimulator3D" index="4"]
transform = Transform3D(-78.736, 48.997, 37.4157, -56.2211, -32.1655, -76.1877, -25.2948, -81.0227, 52.8724, -24.0825, 41.774, -130.398)
visible = false
joint_type = 1
joint_offset = Transform3D(1, 0, 0, 0, 1, 0, 0, 0, 1, 0.0544933, 0.383635, 0.0822086)
body_offset = Transform3D(-93.0912, 34.6325, 11.6028, 11.3895, 57.7082, -80.8705, -34.7032, -73.9618, -57.6657, -9.16725, -16.1113, 35.0061)
bone_name = "mixamorig_Neck"
joint_constraints/bias = 0.3
joint_constraints/damping = 1.0
joint_constraints/impulse_clamp = 0.0

[node name="CollisionShape3D" type="CollisionShape3D" parent="Armature/Skeleton3D/PhysicalBoneSimulator3D/Physical Bone mixamorig_Neck" index="0"]
transform = Transform3D(1, 0, 0, 0, 0, 1, 0, -1, 0, 0, 0, 0)
shape = SubResource("CapsuleShape3D_2dktg")

[node name="Physical Bone mixamorig_Head" type="PhysicalBone3D" parent="Armature/Skeleton3D/PhysicalBoneSimulator3D" index="5"]
transform = Transform3D(-97.4553, 21.2178, -7.22926, -18.6674, -94.6767, -26.2268, -12.4092, -24.2099, 96.2283, -22.2336, 67.2801, -147.137)
joint_type = 1
joint_offset = Transform3D(1, 0, 0, 0, 1, 0, 0, 0, 1, -0.0290641, 0.48523, -0.137348)
body_offset = Transform3D(-98.9866, 13.0686, -5.55568, 8.66561, 24.596, -96.5398, -11.2499, -96.043, -25.4792, -9.98131, -24.9424, 42.7765)
bone_name = "mixamorig_Head"
joint_constraints/bias = 0.3
joint_constraints/damping = 1.0
joint_constraints/impulse_clamp = 0.0

[node name="CollisionShape3D" type="CollisionShape3D" parent="Armature/Skeleton3D/PhysicalBoneSimulator3D/Physical Bone mixamorig_Head" index="0"]
transform = Transform3D(1, 0, 0, 0, 0, 1, 0, -1, 0, 0, 0, 0)
shape = SubResource("CapsuleShape3D_432o6")

[node name="Physical Bone mixamorig_LeftShoulder" type="PhysicalBone3D" parent="Armature/Skeleton3D/PhysicalBoneSimulator3D" index="6"]
transform = Transform3D(-27.7237, 25.9498, -92.5095, 91.8009, -21.2606, -33.4752, -28.3548, -94.2051, -17.9279, -7.70348, 40.6432, -122.91)
visible = false
joint_type = 1
joint_offset = Transform3D(1, 0, 0, 0, 1, 0, 0, 0, 1, -0.0997736, 0.402923, 0.0285675)
body_offset = Transform3D(-62.0637, 67.1029, 40.5624, -38.0548, 19.4523, -90.4071, -68.5561, -71.5459, 13.463, -34.3884, -9.05194, 21.6028)
bone_name = "mixamorig_LeftShoulder"
joint_constraints/bias = 0.3
joint_constraints/damping = 1.0
joint_constraints/impulse_clamp = 0.0

[node name="CollisionShape3D" type="CollisionShape3D" parent="Armature/Skeleton3D/PhysicalBoneSimulator3D/Physical Bone mixamorig_LeftShoulder" index="0"]
transform = Transform3D(1, 0, 0, 0, 0, 1, 0, -1, 0, 0, 0, 0)
shape = SubResource("CapsuleShape3D_fgj7t")

[node name="Physical Bone mixamorig_LeftArm" type="PhysicalBone3D" parent="Armature/Skeleton3D/PhysicalBoneSimulator3D" index="7"]
transform = Transform3D(88.2738, 11.4541, 45.569, -13.7368, -86.4547, 48.3414, 44.9336, -48.9325, -74.7434, -31.7019, 29.474, -132.946)
joint_type = 1
joint_offset = Transform3D(1, 0, 0, 0, 1, 0, 0, 0, 1, 0.330777, 0.25055, 0.361072)
body_offset = Transform3D(48.5423, 86.1788, 14.7261, 79.5275, -36.5279, -48.3849, -36.3184, 35.1985, -86.2673, -42.966, 0.31665, 34.343)
bone_name = "mixamorig_LeftArm"
joint_constraints/bias = 0.3
joint_constraints/damping = 1.0
joint_constraints/impulse_clamp = 0.0

[node name="CollisionShape3D" type="CollisionShape3D" parent="Armature/Skeleton3D/PhysicalBoneSimulator3D/Physical Bone mixamorig_LeftArm" index="0"]
transform = Transform3D(1, 5.40167e-08, -2.98023e-08, -2.98023e-08, -5.7742e-08, 1, 5.02914e-08, -1, 4.47035e-08, 0.0127879, 0.0243816, 0.00393438)
shape = SubResource("CapsuleShape3D_y54wu")

[node name="Physical Bone mixamorig_LeftForeArm" type="PhysicalBone3D" parent="Armature/Skeleton3D/PhysicalBoneSimulator3D" index="8"]
transform = Transform3D(-85.9782, 42.4321, 28.4123, -5.43494, -62.9257, 77.5294, 50.776, 65.1143, 56.4086, -15.0803, -37.9574, -169.909)
joint_type = 1
joint_offset = Transform3D(1, 0, 0, 0, 1, 0, 0, 0, 1, -0.215655, 0.113017, 0.821643)
body_offset = Transform3D(1.55876, 83.5972, 54.8551, 63.4768, -43.2158, 64.0554, 77.2546, 33.8218, -53.7385, -54.1831, -34.0575, 56.9917)
bone_name = "mixamorig_LeftForeArm"
joint_constraints/bias = 0.3
joint_constraints/damping = 1.0
joint_constraints/impulse_clamp = 0.0

[node name="CollisionShape3D" type="CollisionShape3D" parent="Armature/Skeleton3D/PhysicalBoneSimulator3D/Physical Bone mixamorig_LeftForeArm" index="0"]
transform = Transform3D(1, 0, 0, 0, 0, 1, 0, -1, 0, 0, 0, 0)
shape = SubResource("CapsuleShape3D_ftuuo")

[node name="Physical Bone mixamorig_LeftHand" type="PhysicalBone3D" parent="Armature/Skeleton3D/PhysicalBoneSimulator3D" index="9"]
transform = Transform3D(46.7695, -81.8436, 33.3801, 15.8718, 44.9276, 87.9181, -86.9522, -35.8209, 34.0025, -52.2323, -55.9457, -118.195)
joint_type = 1
joint_offset = Transform3D(1, 0, 0, 0, 1, 0, 0, 0, 1, 0.441999, -0.121767, 1.09701)
body_offset = Transform3D(-23.7938, -76.9823, 59.2248, -5.78189, 61.9905, 78.2544, -96.9558, 15.1954, -19.2009, -63.827, -75.7416, 65.7682)
bone_name = "mixamorig_LeftHand"
joint_constraints/bias = 0.3
joint_constraints/damping = 1.0
joint_constraints/impulse_clamp = 0.0

[node name="CollisionShape3D" type="CollisionShape3D" parent="Armature/Skeleton3D/PhysicalBoneSimulator3D/Physical Bone mixamorig_LeftHand" index="0"]
transform = Transform3D(0.999406, -0.00710745, -0.0339622, 0.0346717, 0.241903, 0.969706, 0.00131753, -0.970311, 0.241994, -0.00955772, 0.0280555, -0.0913935)
shape = SubResource("BoxShape3D_2gynb")

[node name="Physical Bone mixamorig_LeftHandThumb2" type="PhysicalBone3D" parent="Armature/Skeleton3D/PhysicalBoneSimulator3D" index="10"]
transform = Transform3D(-29.7194, -76.7794, 56.7599, 40.1334, 43.8946, 80.3901, -86.6376, 46.6711, 17.769, -56.7219, -60.8322, -117.976)
visible = false
joint_type = 1
joint_offset = Transform3D(1, 0, 0, 0, 1, 0, 0, 0, 1, 0.205939, 0.00287031, 1.23847)
body_offset = Transform3D(-45.6526, 7.42676, 88.6606, 29.5734, 95.2516, 7.24889, -83.9122, 29.5293, -45.6812, -100.423, -15.3412, 73.7706)
bone_name = "mixamorig_LeftHandThumb2"
joint_constraints/bias = 0.3
joint_constraints/damping = 1.0
joint_constraints/impulse_clamp = 0.0

[node name="CollisionShape3D" type="CollisionShape3D" parent="Armature/Skeleton3D/PhysicalBoneSimulator3D/Physical Bone mixamorig_LeftHandThumb2" index="0"]
transform = Transform3D(1, 0, 0, 0, 0, 1, 0, -1, 0, 0, 0, 0)
shape = SubResource("CapsuleShape3D_jdtiv")

[node name="Physical Bone mixamorig_LeftHandThumb3" type="PhysicalBone3D" parent="Armature/Skeleton3D/PhysicalBoneSimulator3D" index="11"]
transform = Transform3D(-14.3559, 9.52782, 98.5045, 86.0152, 50.4255, 7.6583, -48.9417, 85.8282, -15.4344, -110.123, -7.6718, -120.578)
visible = false
joint_type = 1
joint_offset = Transform3D(1, 0, 0, 0, 1, 0, 0, 0, 1, 0.27906, 0.454934, 1.17296)
body_offset = Transform3D(-40.0511, 43.7709, 80.4986, 37.9177, 87.8947, -28.9271, -83.4156, 18.9376, -51.7997, -103.158, -16.6372, 75.4218)
bone_name = "mixamorig_LeftHandThumb3"
joint_constraints/bias = 0.3
joint_constraints/damping = 1.0
joint_constraints/impulse_clamp = 0.0

[node name="CollisionShape3D" type="CollisionShape3D" parent="Armature/Skeleton3D/PhysicalBoneSimulator3D/Physical Bone mixamorig_LeftHandThumb3" index="0"]
transform = Transform3D(1, 0, 0, 0, 0, 1, 0, -1, 0, 0, 0, 0)
shape = SubResource("CapsuleShape3D_myxdv")

[node name="Physical Bone mixamorig_LeftHandIndex1" type="PhysicalBone3D" parent="Armature/Skeleton3D/PhysicalBoneSimulator3D" index="12"]
transform = Transform3D(-94.649, 6.70004, 31.57, 8.16742, -89.6643, 43.5157, 31.2226, 43.7656, 84.3191, -22.2356, -75.1647, -148.624)
visible = false
joint_type = 1
joint_offset = Transform3D(1, 0, 0, 0, 1, 0, 0, 0, 1, -0.0831663, -0.999927, 0.941452)
body_offset = Transform3D(-23.3561, 19.9898, 95.1573, 59.7519, -74.2547, 30.2647, 76.7086, 63.9269, 5.39872, -71.5401, -97.7727, 65.2192)
bone_name = "mixamorig_LeftHandIndex1"
joint_constraints/bias = 0.3
joint_constraints/damping = 1.0
joint_constraints/impulse_clamp = 0.0

[node name="CollisionShape3D" type="CollisionShape3D" parent="Armature/Skeleton3D/PhysicalBoneSimulator3D/Physical Bone mixamorig_LeftHandIndex1" index="0"]
transform = Transform3D(1, 0, 0, 0, 0, 1, 0, -1, 0, 0, 0, 0)
shape = SubResource("CapsuleShape3D_3htbp")

[node name="Physical Bone mixamorig_LeftHandIndex2" type="PhysicalBone3D" parent="Armature/Skeleton3D/PhysicalBoneSimulator3D" index="13"]
transform = Transform3D(-87.5954, 47.1524, 10.183, -19.6749, -54.1953, 81.7054, 44.0447, 69.5667, 56.7497, 6.91646, -70.0487, -179.163)
visible = false
joint_type = 1
joint_offset = Transform3D(1, 0, 0, 0, 1, 0, 0, 0, 1, 0.03023, -0.246487, 1.40548)
body_offset = Transform3D(-16.9345, 73.1851, 66.0089, 63.5097, -43.1122, 64.0925, 75.3641, 52.7758, -39.1788, -74.223, -102.627, 65.7952)
bone_name = "mixamorig_LeftHandIndex2"
joint_constraints/bias = 0.3
joint_constraints/damping = 1.0
joint_constraints/impulse_clamp = 0.0

[node name="CollisionShape3D" type="CollisionShape3D" parent="Armature/Skeleton3D/PhysicalBoneSimulator3D/Physical Bone mixamorig_LeftHandIndex2" index="0"]
transform = Transform3D(1, 0, 0, 0, 0, 1, 0, -1, 0, 0, 0, 0)
shape = SubResource("CapsuleShape3D_te51h")

[node name="Physical Bone mixamorig_LeftHandIndex3" type="PhysicalBone3D" parent="Armature/Skeleton3D/PhysicalBoneSimulator3D" index="14"]
transform = Transform3D(-55.1242, 71.2551, -43.4054, -72.9874, -15.9769, 66.4649, 40.4248, 68.3187, 60.8144, 46.0053, -19.2181, -233.068)
visible = false
joint_type = 1
joint_offset = Transform3D(1, 0, 0, 0, 1, 0, 0, 0, 1, 0.133387, 0.391936, 1.42815)
body_offset = Transform3D(-14.3282, 94.8056, 28.4007, 67.2981, -11.7076, 73.0336, 72.565, 29.5775, -62.1249, -75.8071, -108.691, 67.452)
bone_name = "mixamorig_LeftHandIndex3"
joint_constraints/bias = 0.3
joint_constraints/damping = 1.0
joint_constraints/impulse_clamp = 0.0

[node name="CollisionShape3D" type="CollisionShape3D" parent="Armature/Skeleton3D/PhysicalBoneSimulator3D/Physical Bone mixamorig_LeftHandIndex3" index="0"]
transform = Transform3D(1, 0, 0, 0, 0, 1, 0, -1, 0, 0, 0, 0)
shape = SubResource("CapsuleShape3D_hbud0")

[node name="Physical Bone mixamorig_LeftHandMiddle1" type="PhysicalBone3D" parent="Armature/Skeleton3D/PhysicalBoneSimulator3D" index="15"]
transform = Transform3D(-84.4227, -5.29817, 53.3361, 32.7925, -83.8183, 43.5792, 42.3965, 54.2809, 72.4991, -56.5755, -66.1933, -124.944)
visible = false
joint_type = 1
joint_offset = Transform3D(1, 0, 0, 0, 1, 0, 0, 0, 1, -0.12474, -0.994927, 0.973739)
body_offset = Transform3D(-23.3581, 19.9617, 95.1627, 59.7495, -74.2651, 30.2439, 76.7098, 63.9236, 5.41985, -75.7169, -95.8849, 67.8906)
bone_name = "mixamorig_LeftHandMiddle1"
joint_constraints/bias = 0.3
joint_constraints/damping = 1.0
joint_constraints/impulse_clamp = 0.0

[node name="CollisionShape3D" type="CollisionShape3D" parent="Armature/Skeleton3D/PhysicalBoneSimulator3D/Physical Bone mixamorig_LeftHandMiddle1" index="0"]
transform = Transform3D(1, 0, 0, 0, 0, 1, 0, -1, 0, 0, 0, 0)
shape = SubResource("CapsuleShape3D_0iom7")

[node name="Physical Bone mixamorig_LeftHandMiddle2" type="PhysicalBone3D" parent="Armature/Skeleton3D/PhysicalBoneSimulator3D" index="16"]
transform = Transform3D(-67.5717, 72.0066, 15.7837, -48.2717, -59.4042, 64.3505, 55.7127, 35.8636, 74.8992, 2.91285, -47.2107, -212.049)
visible = false
joint_type = 1
joint_offset = Transform3D(1, 0, 0, 0, 1, 0, 0, 0, 1, -0.010164, -0.221573, 1.43037)
body_offset = Transform3D(-16.9283, 73.1877, 66.0075, 63.509, -43.1144, 64.0918, 75.3661, 52.7704, -39.1823, -78.3705, -100.582, 68.5035)
bone_name = "mixamorig_LeftHandMiddle2"
joint_constraints/bias = 0.3
joint_constraints/damping = 1.0
joint_constraints/impulse_clamp = 0.0

[node name="CollisionShape3D" type="CollisionShape3D" parent="Armature/Skeleton3D/PhysicalBoneSimulator3D/Physical Bone mixamorig_LeftHandMiddle2" index="0"]
transform = Transform3D(1, 0, 0, 0, 0, 1, 0, -1, 0, 0, 0, 0)
shape = SubResource("CapsuleShape3D_jocpt")

[node name="Physical Bone mixamorig_LeftHandMiddle3" type="PhysicalBone3D" parent="Armature/Skeleton3D/PhysicalBoneSimulator3D" index="17"]
transform = Transform3D(-53.9547, 80.5117, -24.6325, -68.7717, -25.2643, 68.06, 48.5731, 53.6618, 69.0005, 14.133, -21.2478, -237.872)
visible = false
joint_type = 1
joint_offset = Transform3D(1, 0, 0, 0, 1, 0, 0, 0, 1, 0.0924406, 0.426229, 1.44219)
