[gd_scene load_steps=23 format=3 uid="uid://igrc84teqrtw"]

[ext_resource type="PackedScene" uid="uid://cgdbgwbr2lq71" path="res://Models/NEW Zombie/zombie.glb" id="1_7dofb"]
[ext_resource type="Script" path="res://Scripts/Zombie.gd" id="2_h15oy"]

[sub_resource type="CapsuleShape3D" id="CapsuleShape3D_4ru28"]
radius = 0.502241
height = 2.16863

[sub_resource type="CapsuleShape3D" id="CapsuleShape3D_h15oy"]
radius = 0.268248
height = 0.768441

[sub_resource type="SphereShape3D" id="SphereShape3D_yf4vm"]
radius = 0.298759

[sub_resource type="CapsuleShape3D" id="CapsuleShape3D_mntmy"]
radius = 0.193509
height = 0.850046

[sub_resource type="CapsuleShape3D" id="CapsuleShape3D_2dktg"]
radius = 0.160563
height = 0.996875

[sub_resource type="BoxShape3D" id="BoxShape3D_432o6"]
size = Vector3(0.351349, 0.21228, 0.556885)

[sub_resource type="SphereShape3D" id="SphereShape3D_fgj7t"]
radius = 0.401719

[sub_resource type="CapsuleShape3D" id="CapsuleShape3D_y54wu"]
radius = 0.216594
height = 0.941418

[sub_resource type="CapsuleShape3D" id="CapsuleShape3D_ftuuo"]
radius = 0.178443
height = 0.983133

[sub_resource type="BoxShape3D" id="BoxShape3D_2gynb"]
size = Vector3(0.385925, 0.587646, 0.246033)

[sub_resource type="CapsuleShape3D" id="CapsuleShape3D_jdtiv"]
radius = 0.314452
height = 1.63348

[sub_resource type="CapsuleShape3D" id="CapsuleShape3D_myxdv"]
radius = 0.288225
height = 1.4499

[sub_resource type="BoxShape3D" id="BoxShape3D_3htbp"]
size = Vector3(0.315571, 0.884058, 0.350983)

[sub_resource type="CapsuleShape3D" id="CapsuleShape3D_te51h"]
radius = 0.32917
height = 1.57872

[sub_resource type="CapsuleShape3D" id="CapsuleShape3D_hbud0"]
radius = 0.291348
height = 1.49443

[sub_resource type="BoxShape3D" id="BoxShape3D_0iom7"]
size = Vector3(0.362427, 0.891663, 0.255615)

[sub_resource type="CapsuleShape3D" id="CapsuleShape3D_ot87u"]
radius = 0.204327
height = 1.03484

[sub_resource type="AnimationNodeAnimation" id="AnimationNodeAnimation_4ru28"]
animation = &"Armature_003|mixamo_com|Layer0"

[sub_resource type="AnimationNodeStateMachineTransition" id="AnimationNodeStateMachineTransition_h15oy"]
advance_mode = 2

[sub_resource type="AnimationNodeStateMachine" id="AnimationNodeStateMachine_h15oy"]
states/End/position = Vector2(493.5, 80.6973)
states/Run/node = SubResource("AnimationNodeAnimation_4ru28")
states/Run/position = Vector2(269.5, 81.0938)
states/Start/position = Vector2(52, 103.301)
transitions = ["Start", "Run", SubResource("AnimationNodeStateMachineTransition_h15oy")]
graph_offset = Vector2(-37.5626, 0)

[node name="zombie" instance=ExtResource("1_7dofb")]
transform = Transform3D(2.5, 0, 0, 0, 2.5, 0, 0, 0, 2.5, 0, 0, 0)
collision_mask = 0
script = ExtResource("2_h15oy")

[node name="Armature" parent="." index="0"]
transform = Transform3D(-0.01, -8.74228e-10, 3.82137e-17, 0, -4.37114e-10, -0.01, 8.74228e-10, -0.01, 4.37114e-10, 0, 0, 0)

[node name="Skeleton3D" parent="Armature" index="0"]
bones/0/rest = Transform3D(0.945897, -0.00608522, -0.324411, 0.31892, 0.201534, 0.926107, 0.0597441, -0.979463, 0.192571, 0.863588, -1.05356, -102.963)
bones/0/position = Vector3(8.52346e-06, -0.971703, -114.471)
bones/0/rotation = Quaternion(-0.707107, 5.24335e-07, 6.36093e-07, 0.707107)
bones/0/scale = Vector3(1, 1, 1)
bones/1/rest = Transform3D(0.999444, -0.0319486, -0.00955041, 0.031329, 0.997755, -0.0591939, 0.0114201, 0.0588618, 0.998201, 1.92743e-05, 8.53651, 0.187089)
bones/1/position = Vector3(1.92743e-05, 8.53651, 0.187089)
bones/1/rotation = Quaternion(0.00871404, 5.46861e-08, -8.20881e-07, 0.999962)
bones/1/scale = Vector3(1, 1, 1)
bones/2/rest = Transform3D(0.999458, -0.0261071, -0.0200526, 0.0233124, 0.991397, -0.128796, 0.0232426, 0.128259, 0.991468, 8.79167e-07, 9.68578, -4.32231e-07)
bones/2/position = Vector3(-2.44427e-12, 9.6858, 5.96046e-08)
bones/2/rotation = Quaternion(-0.000598392, 8.73115e-10, -5.82077e-11, 1)
bones/3/rest = Transform3D(0.999484, -0.0262891, -0.0184462, 0.0240182, 0.993183, -0.114065, 0.0213191, 0.113563, 0.993302, -8.34465e-07, 15.8754, -3.49938e-06)
bones/3/position = Vector3(2.27374e-12, 15.8754, -1.49012e-07)
bones/3/rotation = Quaternion(-0.00811566, 8.14907e-10, -1.74623e-10, 0.999967)
bones/3/scale = Vector3(1, 1, 1)
bones/4/rest = Transform3D(0.997424, 0.0416059, 0.0584364, -0.0473924, 0.993716, 0.101408, -0.05385, -0.103916, 0.993127, -2.25939e-06, 26.1734, -0.161192)
bones/4/position = Vector3(6.82121e-13, 26.1734, -0.161195)
bones/4/rotation = Quaternion(-3.72529e-09, 1.16415e-10, 0, 1)
bones/4/scale = Vector3(1, 1, 1)
bones/5/rest = Transform3D(0.967761, 0.0206413, 0.251023, -0.116264, 0.920712, 0.372521, -0.22343, -0.389697, 0.893429, -2.38419e-07, 14.3693, 0.127823)
bones/5/position = Vector3(-2.84217e-13, 14.3693, 0.127826)
bones/5/rotation = Quaternion(0, 0, 0, 1)
bones/5/scale = Vector3(1, 1, 1)
bones/7/rest = Transform3D(1, -3.67612e-22, -4.62192e-22, 3.67612e-22, 1, 3.55271e-15, 4.62192e-22, -3.55271e-15, 1, 3.79812, 2.10749, 10.4781)
bones/7/rotation = Quaternion(-1.77636e-15, -2.31096e-22, 1.83806e-22, 1)
bones/7/scale = Vector3(1, 1, 1)
bones/9/rest = Transform3D(-0.356711, 0.879941, -0.313787, 0.0999452, -0.29801, -0.949316, -0.928853, -0.369993, 0.0183575, 9.35865, 25.2861, -1.88549)
bones/9/rotation = Quaternion(-0.455759, -0.540633, 0.591925, -0.386813)
bones/9/scale = Vector3(1, 1, 1)
bones/10/rest = Transform3D(0.776751, -0.464372, 0.42546, 0.627772, 0.516595, -0.582264, 0.0505962, 0.719366, 0.692786, 5.47733e-06, 14.0527, -2.30874e-05)
bones/10/rotation = Quaternion(-0.0601195, -0.00882662, 0.144993, 0.987565)
bones/10/scale = Vector3(1, 1, 1)
bones/11/rest = Transform3D(0.100457, -0.994941, -7.59789e-07, 0.994941, 0.100457, -2.30664e-07, 3.05824e-07, -7.32774e-07, 1, 6.33078e-06, 33.6167, 2.99731e-06)
bones/11/position = Vector3(-1.04996e-07, 33.6167, 1.1106e-05)
bones/11/rotation = Quaternion(4.86621e-07, -7.91446e-08, 0.0087266, 0.999962)
bones/11/scale = Vector3(1, 1, 1)
bones/12/rest = Transform3D(0.931696, -0.151822, 0.329988, -0.0162467, 0.890135, 0.455407, -0.362875, -0.429662, 0.826869, 1.71841e-06, 30.299, -3.95567e-07)
bones/12/rotation = Quaternion(-2.54251e-07, 5.12227e-08, 4.09782e-08, 1)
bones/13/rest = Transform3D(0.903155, -0.366284, 0.223937, 0.425254, 0.834842, -0.349568, -0.0589105, 0.410944, 0.909755, -3.16123, 5.18091, 3.69329)
bones/13/rotation = Quaternion(0.217779, 0.0713029, 0.255473, 0.939267)
bones/13/scale = Vector3(1, 1, 1)
bones/14/rest = Transform3D(0.999402, 0.00612916, 0.0340319, -0.00292589, 0.995625, -0.0933891, -0.0344554, 0.0932337, 0.995048, 1.43052e-06, 2.30715, -5.03659e-06)
bones/14/rotation = Quaternion(-9.91127e-07, -5.5979e-07, -3.79339e-07, 1)
bones/14/scale = Vector3(1, 1, 1)
bones/15/rest = Transform3D(0.747183, 0.631817, -0.206218, -0.641105, 0.766978, 0.0269977, 0.175222, 0.112035, 0.978134, 6.55652e-06, 1.90816, 1.2517e-05)
bones/15/rotation = Quaternion(9.98378e-07, 4.26546e-07, 2.79164e-07, 1)
bones/15/scale = Vector3(1, 1, 1)
bones/16/rest = Transform3D(1, -1.11293e-07, -1.49012e-08, 1.11293e-07, 1, 1.49012e-08, 1.49012e-08, -1.49012e-08, 1, 1.78814e-06, 4.69459, 1.12951e-05)
bones/16/rotation = Quaternion(-7.4506e-09, -7.4506e-09, 5.56465e-08, 1)
bones/16/scale = Vector3(1, 1, 1)
bones/17/rest = Transform3D(0.971585, -0.17651, -0.157695, 0.137487, 0.963185, -0.231023, 0.192667, 0.202778, 0.960084, -3.24983, 13.8717, 0.386113)
bones/17/rotation = Quaternion(4.66779e-06, -6.51926e-09, -6.38328e-06, 1)
bones/17/scale = Vector3(1, 1, 1)
bones/18/rest = Transform3D(0.998848, 0.0457066, -0.0146493, -0.0479462, 0.936166, -0.348275, -0.0022043, 0.348576, 0.937278, -6.24246e-06, 3.2711, -3.03619e-06)
bones/18/rotation = Quaternion(-6.90639e-06, -8.98726e-08, 1.26019e-05, 1)
bones/18/scale = Vector3(1, 1, 1)
bones/19/rest = Transform3D(0.995837, 0.0845805, -0.0339889, -0.086639, 0.76235, -0.641339, -0.0283334, 0.641614, 0.766504, -2.13751e-06, 3.40992, -6.19457e-06)
bones/19/rotation = Quaternion(4.66438e-06, 1.13621e-07, -6.26745e-06, 1)
bones/20/rest = Transform3D(1, -1.07103e-07, 1.04452e-07, 1.07102e-07, 1, 9.60957e-06, -1.04453e-07, -9.60957e-06, 1, -5.99724e-06, 3.17573, -3.5767e-06)
bones/20/rotation = Quaternion(-4.80479e-06, 5.22262e-08, 5.35512e-08, 1)
bones/21/rest = Transform3D(0.999067, -0.0398802, -0.0165741, 0.0398167, 0.999198, -0.0041409, 0.0167259, 0.00347712, 0.999854, -0.0126702, 14.102, 0.000442389)
bones/21/rotation = Quaternion(2.46339e-06, 7.06423e-08, 4.77997e-06, 1)
bones/22/rest = Transform3D(0.993097, 0.0935972, -0.0706904, -0.112313, 0.585077, -0.803163, -0.0338145, 0.805559, 0.59155, -5.19405e-06, 3.09714, -9.39051e-06)
bones/22/rotation = Quaternion(-8.85577e-06, 3.91155e-08, -1.09258e-05, 1)
bones/23/rest = Transform3D(0.99912, 0.0383161, -0.0170534, -0.0416907, 0.951625, -0.304421, 0.00456419, 0.304865, 0.952385, -2.49182e-06, 3.57789, 1.89537e-06)
bones/23/rotation = Quaternion(8.60245e-06, -2.79397e-09, 6.19388e-06, 1)
bones/23/scale = Vector3(1, 1, 1)
bones/24/rest = Transform3D(1, 2.77535e-07, -2.77655e-07, -2.77533e-07, 1, 8.85687e-06, 2.77657e-07, -8.85687e-06, 1, 3.98674e-07, 3.44565, -8.31985e-06)
bones/24/position = Vector3(-6.80499e-07, 3.44564, 2.94419e-05)
bones/24/rotation = Quaternion(-4.42844e-06, -1.38828e-07, -1.38767e-07, 1)
bones/24/scale = Vector3(1, 1, 1)
bones/25/rest = Transform3D(0.978033, 0.207682, 0.0178539, -0.203565, 0.933178, 0.296211, 0.0448569, -0.293339, 0.954956, 3.39084, 13.557, 0.26039)
bones/25/rotation = Quaternion(2.61934e-09, 4.28408e-08, 7.74162e-08, 1)
bones/26/rest = Transform3D(0.998214, 0.053826, -0.0259052, -0.0597345, 0.901887, -0.427823, 0.000335591, 0.428606, 0.903491, 3.89656e-06, 2.93514, 1.12531e-05)
bones/26/rotation = Quaternion(2.17406e-08, 1.49477e-07, -1.40747e-05, 1)
bones/27/rest = Transform3D(0.996544, 0.0765738, -0.0321793, -0.0806784, 0.800251, -0.594213, -0.0197496, 0.594756, 0.803663, 5.88677e-06, 2.77863, -3.67136e-06)
bones/27/rotation = Quaternion(-5.23187e-06, -5.62519e-07, 1.36213e-05, 1)
bones/27/scale = Vector3(0.999999, 1, 0.999999)
bones/28/rest = Transform3D(1, -6.10004e-07, 6.07798e-07, 6.10017e-07, 1, -2.10025e-05, -6.07785e-07, 2.10025e-05, 1, -8.7952e-06, 2.9061, 5.19424e-06)
bones/28/position = Vector3(1.58834e-07, 2.90607, -1.16797e-05)
bones/28/rotation = Quaternion(1.05012e-05, 3.03896e-07, 3.05005e-07, 1)
bones/29/rest = Transform3D(0.904069, 0.418459, 0.0869032, -0.423558, 0.90441, 0.0513961, -0.0570889, -0.0832741, 0.99489, 6.04354, 12.4073, 0.272613)
bones/29/rotation = Quaternion(-3.45334e-06, 8.75443e-08, -1.02348e-05, 1)
bones/29/scale = Vector3(1, 1, 1)
bones/30/rest = Transform3D(0.997958, 0.0587254, -0.0251303, -0.0637513, 0.891064, -0.449377, -0.00399716, 0.450062, 0.892989, -2.97336e-06, 2.21246, 3.41046e-06)
bones/30/rotation = Quaternion(-8.27663e-06, -6.07222e-07, 1.06719e-05, 1)
bones/30/scale = Vector3(1, 1, 1)
bones/31/rest = Transform3D(0.992284, 0.107644, -0.0615198, -0.112258, 0.569401, -0.814359, -0.0526313, 0.814982, 0.577091, 4.83287e-06, 1.95227, 3.65832e-06)
bones/31/rotation = Quaternion(8.9736e-06, 6.44475e-07, -3.0885e-07, 1)
bones/31/scale = Vector3(1, 1, 1)
bones/32/rest = Transform3D(1, 2.95229e-07, -2.97392e-07, -2.9523e-07, 1, -5.50973e-06, 2.97391e-07, 5.50973e-06, 1, 8.87921e-06, 2.76943, 4.60761e-06)
bones/32/rotation = Quaternion(2.75486e-06, -1.48696e-07, -1.47615e-07, 1)
bones/33/rest = Transform3D(-0.198396, -0.933813, 0.29771, -0.114436, -0.279601, -0.953272, 0.973418, -0.223194, -0.0513898, -9.35865, 25.2863, -1.88549)
bones/33/position = Vector3(-9.35865, 25.2863, -1.88549)
bones/33/rotation = Quaternion(0.455765, -0.540627, 0.591929, 0.386807)
bones/33/scale = Vector3(1, 0.999999, 1)
bones/34/rest = Transform3D(0.779851, 0.510174, -0.362704, -0.585186, 0.388471, -0.711792, -0.222237, 0.767341, 0.601496, 6.01815e-06, 14.0527, -1.10223e-05)
bones/34/rotation = Quaternion(-0.0601299, 0.00882804, -0.144992, 0.987565)
bones/34/scale = Vector3(1, 1, 1)
bones/35/rest = Transform3D(0.0303225, 0.99954, 1.20734e-06, -0.99954, 0.0303225, 1.69753e-06, 1.66014e-06, -1.25826e-06, 1, 2.557e-06, 33.6167, 1.24734e-06)
bones/35/position = Vector3(1.07334e-07, 33.6167, 4.32876e-06)
bones/35/rotation = Quaternion(-4.82336e-07, 9.71923e-08, -0.00872651, 0.999962)
bones/35/scale = Vector3(1, 1, 1)
bones/36/rest = Transform3D(0.899035, 0.108902, -0.424118, -0.132057, 0.990914, -0.0254922, 0.417489, 0.0789262, 0.905248, 2.68629e-06, 30.2989, 2.16562e-06)
bones/36/rotation = Quaternion(2.52388e-07, -1.31549e-08, -1.81608e-08, 1)
bones/37/rest = Transform3D(0.622594, 0.770948, -0.134223, -0.779061, 0.626804, -0.0134466, 0.0737652, 0.11294, 0.99086, 3.16124, 5.1809, 3.69301)
bones/37/position = Vector3(3.16124, 5.1809, 3.69301)
bones/37/rotation = Quaternion(0.21856, -0.0684713, -0.254808, 0.939477)
bones/37/scale = Vector3(1, 1, 1)
bones/38/rest = Transform3D(0.685718, -0.72331, 0.0813253, 0.715646, 0.690371, 0.106012, -0.132824, -0.0144941, 0.991034, -3.21864e-06, 2.30722, 1.0818e-05)
bones/38/rotation = Quaternion(-4.91384e-05, 2.14204e-08, -2.48442e-06, 1)
bones/38/scale = Vector3(1, 1, 1)
bones/39/rest = Transform3D(0.901366, 0.432435, 0.0232131, -0.432883, 0.90123, 0.0199288, -0.0123024, -0.0280116, 0.999532, 1.34097e-06, 1.9081, 9.41562e-06)
bones/39/position = Vector3(-1.37091e-06, 1.90812, -4.68791e-05)
bones/39/rotation = Quaternion(7.32373e-05, -2.75671e-07, -4.08179e-06, 1)
bones/39/scale = Vector3(1, 1, 1)
bones/40/rest = Transform3D(1, 2.84053e-08, 4.56348e-08, -2.84053e-08, 1, 4.09782e-08, -4.56348e-08, -4.09782e-08, 1, -1.09673e-05, 4.69479, 1.82092e-05)
bones/40/rotation = Quaternion(-2.04891e-08, 2.28174e-08, -1.42026e-08, 1)
bones/40/scale = Vector3(1, 1, 1)
bones/41/rest = Transform3D(0.997924, -0.0575216, -0.028959, 0.0640738, 0.932027, 0.356678, 0.00647389, -0.357794, 0.933778, 3.24982, 13.8715, 0.386003)
bones/41/rotation = Quaternion(-2.18279e-09, -8.84756e-08, 6.1579e-06, 1)
bones/42/rest = Transform3D(0.994925, -0.0906212, 0.043715, 0.0952658, 0.708705, -0.699043, 0.0323671, 0.699661, 0.713742, 1.74337e-06, 3.271, 5.98953e-06)
bones/42/position = Vector3(2.89857e-07, 3.27099, -8.52745e-07)
bones/42/rotation = Quaternion(2.2196e-06, 1.28523e-07, -1.1956e-05, 1)
bones/42/scale = Vector3(0.999999, 1, 1)
bones/43/rest = Transform3D(0.999813, -0.0188006, 0.00453397, 0.0192544, 0.989647, -0.142227, -0.00181308, 0.142288, 0.989824, -1.09986e-05, 3.41001, -4.95311e-06)
bones/43/rotation = Quaternion(-2.23685e-06, -7.83475e-08, 5.76393e-06, 1)
bones/44/rest = Transform3D(1, -1.15484e-07, 1.1916e-07, 1.15484e-07, 1, 4.80441e-06, -1.1916e-07, -4.80441e-06, 1, -6.88211e-06, 3.176, 1.7545e-06)
bones/44/rotation = Quaternion(-2.4022e-06, 5.95799e-08, 5.77421e-08, 1)
bones/45/rest = Transform3D(0.998513, -0.0545133, -0.000854574, 0.052975, 0.966393, 0.251551, -0.012887, -0.251222, 0.967844, 0.012679, 14.1025, -2.0089e-06)
bones/45/rotation = Quaternion(-1.49885e-09, 9.0804e-09, -4.81907e-06, 1)
bones/46/rest = Transform3D(0.992109, -0.0977823, 0.0784814, 0.117137, 0.499608, -0.858295, 0.0447161, 0.860715, 0.507119, -1.05212e-05, 3.09699, 2.8634e-06)
bones/46/position = Vector3(9.45602e-08, 3.09699, -1.3621e-06)
bones/46/rotation = Quaternion(1.28639e-08, -1.22935e-07, 1.17412e-05, 1)
bones/47/rest = Transform3D(0.995091, -0.0872614, 0.0466829, 0.0950338, 0.710964, -0.696778, 0.027612, 0.697794, 0.715766, 4.77125e-06, 3.578, -1.10304e-06)
bones/47/rotation = Quaternion(-2.70957e-08, 8.00937e-08, -6.94965e-06, 1)
bones/47/scale = Vector3(1, 1, 1)
bones/48/rest = Transform3D(1, -1.35973e-07, 1.37847e-07, 1.35973e-07, 1, 2.19173e-14, -1.37847e-07, -3.17376e-15, 1, 2.40682e-06, 3.445, -2.51685e-06)
bones/48/rotation = Quaternion(-6.27275e-15, 6.89235e-08, 6.79865e-08, 1)
bones/49/rest = Transform3D(0.990297, -0.132917, 0.0405512, 0.13892, 0.954397, -0.264249, -0.00357865, 0.267318, 0.963602, -3.39083, 13.5575, 0.259991)
bones/49/rotation = Quaternion(1.74623e-10, -2.79397e-09, -3.49246e-10, 1)
bones/50/rest = Transform3D(0.999771, -0.0158425, 0.0143899, 0.0173896, 0.993252, -0.114665, -0.0124762, 0.114889, 0.9933, -1.27841e-05, 2.93499, -3.04795e-06)
bones/50/rotation = Quaternion(2.7469e-06, -1.98052e-07, 1.42229e-05, 1)
bones/51/rest = Transform3D(0.999889, -0.0129012, 0.00743987, 0.0135678, 0.995106, -0.0978763, -0.00614073, 0.0979664, 0.995171, 2.0644e-06, 2.77799, -1.1498e-05)
bones/51/position = Vector3(-1.04835e-06, 2.77799, 1.18842e-06)
bones/51/rotation = Quaternion(-5.37235e-06, 1.62545e-07, -1.42613e-05, 1)
bones/52/rest = Transform3D(1, -5.15952e-07, 5.18667e-07, 5.15957e-07, 1, -1.05015e-05, -5.18661e-07, 1.05015e-05, 1, 5.24836e-06, 2.90602, 9.57634e-06)
bones/52/position = Vector3(4.66666e-07, 2.90601, -1.01583e-05)
bones/52/rotation = Quaternion(5.25075e-06, 2.59332e-07, 2.57977e-07, 1)
bones/53/rest = Transform3D(0.98472, -0.156458, 0.0764666, 0.17391, 0.860781, -0.478342, 0.00901924, 0.484331, 0.874838, -6.04355, 12.4074, 0.272995)
bones/53/rotation = Quaternion(3.0268e-09, -3.53903e-08, -8.3819e-09, 1)
bones/54/rest = Transform3D(0.992175, -0.105203, 0.0672423, 0.114872, 0.558114, -0.821775, 0.0489242, 0.823068, 0.565831, 1.63152e-06, 2.21211, -2.4669e-06)
bones/54/rotation = Quaternion(-0.000257821, 5.96046e-08, 8.3819e-08, 1)
bones/55/rest = Transform3D(0.995106, -0.089906, 0.0409873, 0.0937235, 0.727503, -0.679673, 0.0312882, 0.680188, 0.732369, -9.20339e-06, 1.95301, -2.92273e-06)
bones/55/rotation = Quaternion(0.000263314, -3.27826e-07, -3.88885e-07, 1)
bones/55/scale = Vector3(0.999999, 1, 1)
bones/56/rest = Transform3D(1, -1.42027e-06, 1.42534e-06, 1.42025e-06, 1, 1.65317e-05, -1.42537e-06, -1.65317e-05, 1, 5.20529e-07, 2.769, -1.29411e-06)
bones/56/position = Vector3(5.20529e-07, 2.769, -1.29411e-06)
bones/56/rotation = Quaternion(-8.26585e-06, 7.12679e-07, 7.10131e-07, 1)
bones/56/scale = Vector3(1, 1, 1)
bones/57/rest = Transform3D(-0.898807, 0.431889, 0.0749527, -0.211484, -0.577026, 0.788872, 0.383954, 0.69319, 0.609975, 12.031, -12.2925, 0.769718)
bones/57/rotation = Quaternion(0, 0.0299531, 0.999551, 8.34465e-07)
bones/57/scale = Vector3(1, 1, 1)
bones/58/rest = Transform3D(0.988848, -0.0127323, -0.148386, 0.125259, 0.610075, 0.78238, 0.0805649, -0.792241, 0.604866, -9.46492e-07, 38.169, 1.71782e-07)
bones/58/position = Vector3(-9.46492e-07, 38.169, 1.71782e-07)
bones/58/rotation = Quaternion(-0.0789811, -4.65661e-09, 8.19564e-08, 0.996876)
bones/58/scale = Vector3(1, 1, 1)
bones/59/rest = Transform3D(0.946817, 0.1492, -0.28509, -0.321078, 0.379935, -0.867501, -0.0211152, 0.912901, 0.407634, -9.61937e-07, 53.63, 7.71364e-07)
bones/59/position = Vector3(-8.26657e-09, 53.63, 1.76049e-06)
bones/59/rotation = Quaternion(0.526997, -2.64496e-07, 5.38188e-07, 0.849867)
bones/59/scale = Vector3(1, 1, 1)
bones/60/rest = Transform3D(1, 1.60476e-06, 1.08104e-06, -7.70074e-07, 0.842627, -0.538498, -1.77507e-06, 0.538498, 0.842627, 2.87108e-05, 20.2, -4.01012e-06)
bones/60/position = Vector3(2.87108e-05, 20.2, -4.01012e-06)
bones/60/rotation = Quaternion(0.276712, 4.82157e-07, -2.90779e-07, 0.960953)
bones/60/scale = Vector3(1, 1, 1)
bones/62/rest = Transform3D(-0.941915, -0.305224, -0.140123, 0.123488, -0.702738, 0.700652, -0.312324, 0.642649, 0.699614, -12.031, -12.2925, 0.769723)
bones/62/rotation = Quaternion(9.68575e-07, 0.0299531, 0.999551, 1.69873e-06)
bones/62/scale = Vector3(1, 1, 1)
bones/63/rest = Transform3D(0.985822, 0.00585785, 0.16769, -0.135424, 0.617842, 0.774552, -0.0990689, -0.78628, 0.609876, -4.04856e-06, 38.169, -1.96208e-06)
bones/63/rotation = Quaternion(-0.0789811, -6.61239e-08, 1.6056e-06, 0.996876)
bones/63/scale = Vector3(1, 1, 1)
bones/64/rest = Transform3D(0.954615, -0.128189, 0.268847, 0.296266, 0.315883, -0.901357, 0.0306203, 0.940099, 0.339524, 3.4337e-07, 53.63, 3.00217e-07)
bones/64/position = Vector3(3.4337e-07, 53.63, 3.00217e-07)
bones/64/rotation = Quaternion(0.526997, 1.15111e-06, -5.9884e-07, 0.849867)
bones/64/scale = Vector3(1, 1, 1)
bones/65/rest = Transform3D(0.999993, -2.04038e-05, -0.00378862, -0.00200802, 0.845128, -0.534561, 0.00321278, 0.534564, 0.845122, -1.71879e-06, 20.2, 2.18518e-06)
bones/65/rotation = Quaternion(0.276716, 5.57654e-08, 5.03269e-07, 0.960952)
bones/66/rest = Transform3D(1, 5.06262e-14, -9.24816e-14, -5.06262e-14, 1, 2.13622e-08, 9.24816e-14, -2.13622e-08, 1, -5.246e-07, 10.008, -6.11068e-07)
bones/66/position = Vector3(-5.246e-07, 10.008, -6.11068e-07)
bones/66/rotation = Quaternion(-1.06811e-08, -4.62408e-14, -2.53131e-14, 1)
bones/66/scale = Vector3(1, 1, 1)

[node name="PhysicalBoneSimulator3D" type="PhysicalBoneSimulator3D" parent="Armature/Skeleton3D" index="1"]

[node name="Physical Bone mixamorig_Spine" type="PhysicalBone3D" parent="Armature/Skeleton3D/PhysicalBoneSimulator3D" index="0"]
transform = Transform3D(39.4007, -2.24747, 6.52153, 5.93277, 30.3342, -25.3898, -3.51905, 25.9767, 30.2131, 4.82305, 249.111, -106.838)
collision_layer = 2
collision_mask = 2
joint_type = 1
joint_offset = Transform3D(1, 0, 0, 0, 1, 0, 0, 0, 1, -0.000178117, 0.000594222, 0.124227)
body_offset = Transform3D(40, 0.000452995, 0.00275207, 0.00275087, 0.00132561, -40, -0.000452042, 40, 0.0013237, 0.00678253, 4.96909, -0.0239334)
bone_name = "mixamorig_Spine"
joint_constraints/bias = 0.3
joint_constraints/damping = 1.0
joint_constraints/impulse_clamp = 0.0

[node name="CollisionShape3D" type="CollisionShape3D" parent="Armature/Skeleton3D/PhysicalBoneSimulator3D/Physical Bone mixamorig_Spine" index="0"]
transform = Transform3D(0.999744, 0.0223679, -0.00352582, 0.00301194, 0.0229626, 0.999732, 0.0224428, -0.999487, 0.0228894, 0.0241772, 0.0603068, -0.31649)
shape = SubResource("CapsuleShape3D_4ru28")

[node name="Physical Bone mixamorig_Head" type="PhysicalBone3D" parent="Armature/Skeleton3D/PhysicalBoneSimulator3D" index="1"]
transform = Transform3D(-39.8754, -0.863637, 3.03403, 0.395311, -39.5365, -6.05861, 3.12969, -6.00975, 39.4219, -7.93455, 296.191, -152.497)
collision_layer = 2
collision_mask = 2
joint_type = 1
joint_offset = Transform3D(1, 0, 0, 0, 1, 0, 0, 0, 1, -0.00114875, 0.000619467, 0.187732)
body_offset = Transform3D(-40, -0.00323007, -0.000464506, -3.62716e-05, 6.1437, -39.5254, 0.00326404, -39.5254, -6.1437, -0.0458608, 7.41637, 1.17786)
bone_name = "mixamorig_Head"
joint_constraints/bias = 0.3
joint_constraints/damping = 1.0
joint_constraints/impulse_clamp = 0.0

[node name="CollisionShape3D" type="CollisionShape3D" parent="Armature/Skeleton3D/PhysicalBoneSimulator3D/Physical Bone mixamorig_Head" index="0"]
transform = Transform3D(0.99907, 0.0346778, -0.0256078, 0.00210134, 0.554152, 0.832412, 0.0430569, -0.831692, 0.553564, -0.00369191, -0.0948441, 0.160881)
shape = SubResource("CapsuleShape3D_h15oy")

[node name="Physical Bone mixamorig_LeftShoulder" type="PhysicalBone3D" parent="Armature/Skeleton3D/PhysicalBoneSimulator3D" index="2"]
transform = Transform3D(1.72795, -11.0887, -38.3934, 32.3391, -22.1888, 7.864, -23.4776, -31.3799, 8.00647, 11.9115, 283.575, -138.723)
collision_layer = 2
collision_mask = 2
joint_type = 1
joint_offset = Transform3D(1, 0, 0, 0, 1, 0, 0, 0, 1, -0.004311, -0.00175262, 0.175692)
body_offset = Transform3D(2.86102e-05, 40, -0.00535107, 0.00200129, -0.00534534, -40, -40, 2.86102e-05, -0.00199938, 0.0710449, 7.02768, -0.172089)
bone_name = "mixamorig_LeftShoulder"
joint_constraints/bias = 0.3
joint_constraints/damping = 1.0
joint_constraints/impulse_clamp = 0.0

[node name="CollisionShape3D" type="CollisionShape3D" parent="Armature/Skeleton3D/PhysicalBoneSimulator3D/Physical Bone mixamorig_LeftShoulder" index="0"]
transform = Transform3D(1, -5.92321e-07, -1.90735e-06, 1.87755e-06, -4.24683e-07, 1, -5.55068e-07, -1, -3.57628e-07, -0.148328, 0.0026046, -0.0792066)
shape = SubResource("SphereShape3D_yf4vm")

[node name="Physical Bone mixamorig_LeftArm" type="PhysicalBone3D" parent="Armature/Skeleton3D/PhysicalBoneSimulator3D" index="3"]
transform = Transform3D(29.7752, -25.7016, -7.27083, -26.4619, -26.9033, -13.2659, 3.63361, 14.6848, -37.0291, 21.7826, 287.68, -124.655)
collision_layer = 2
collision_mask = 2
joint_type = 1
joint_offset = Transform3D(1, 0, 0, 0, 1, 0, 0, 0, 1, -0.000402056, 0.00338012, 0.414936)
body_offset = Transform3D(40, -0.00252724, -0.00104713, -0.00104904, -0.00630856, -40, 0.00252724, 40, -0.00631428, 0.0165253, 16.5975, -0.132584)
bone_name = "mixamorig_LeftArm"
joint_constraints/bias = 0.3
joint_constraints/damping = 1.0
joint_constraints/impulse_clamp = 0.0

[node name="CollisionShape3D" type="CollisionShape3D" parent="Armature/Skeleton3D/PhysicalBoneSimulator3D/Physical Bone mixamorig_LeftArm" index="0"]
transform = Transform3D(1, 2.04891e-08, -2.98023e-08, 0, 1.78814e-07, 1, -2.23517e-08, -1, -5.58794e-09, 0.0109951, 0.0752788, -0.0208366)
shape = SubResource("CapsuleShape3D_mntmy")

[node name="Physical Bone mixamorig_LeftForeArm" type="PhysicalBone3D" parent="Armature/Skeleton3D/PhysicalBoneSimulator3D" index="4"]
transform = Transform3D(33.8014, -20.989, 4.11491, -16.1218, -30.0593, -20.8932, 14.0554, 15.997, -33.8606, 23.2613, 301.235, -96.1397)
collision_layer = 2
collision_mask = 2
joint_type = 1
joint_offset = Transform3D(1, 0, 0, 0, 1, 0, 0, 0, 1, 0.000876279, 0.00300994, 0.377264)
body_offset = Transform3D(40, -0.00958633, -0.00223351, -0.00223541, -0.00326633, -40, 0.00958443, 40, -0.00327301, -0.0341797, 15.0906, -0.119171)
bone_name = "mixamorig_LeftForeArm"
joint_constraints/bias = 0.3
joint_constraints/damping = 1.0
joint_constraints/impulse_clamp = 0.0

[node name="CollisionShape3D" type="CollisionShape3D" parent="Armature/Skeleton3D/PhysicalBoneSimulator3D/Physical Bone mixamorig_LeftForeArm" index="0"]
transform = Transform3D(0.999792, 0.0127281, -0.015969, 0.0164007, -0.0345703, 0.999268, 0.0121668, -0.999321, -0.0347717, -0.00416088, 0.00563574, -0.00457907)
shape = SubResource("CapsuleShape3D_2dktg")

[node name="Physical Bone mixamorig_LeftHand" type="PhysicalBone3D" parent="Armature/Skeleton3D/PhysicalBoneSimulator3D" index="5"]
transform = Transform3D(14.7088, 6.00356, 36.7098, 28.5802, 23.4421, -15.2852, -23.808, 31.85, 4.33056, 18.5022, 310.499, -83.594)
collision_layer = 2
collision_mask = 2
joint_type = 1
joint_offset = Transform3D(1, 0, 0, 0, 1, 0, 0, 0, 1, -0.00212617, -0.00127951, 0.0871661)
body_offset = Transform3D(-30.3876, 18.9647, 17.8027, -0.00656891, 27.3711, -29.1689, -26.0114, -22.1622, -20.7904, -1.59213, 2.57755, 1.72856)
bone_name = "mixamorig_LeftHand"
joint_constraints/bias = 0.3
joint_constraints/damping = 1.0
joint_constraints/impulse_clamp = 0.0

[node name="CollisionShape3D" type="CollisionShape3D" parent="Armature/Skeleton3D/PhysicalBoneSimulator3D/Physical Bone mixamorig_LeftHand" index="0"]
transform = Transform3D(0.747798, -0.635318, -0.192773, -0.424208, -0.680567, 0.597371, -0.510714, -0.36496, -0.778452, -0.0484014, 0.174837, -0.118921)
shape = SubResource("BoxShape3D_432o6")

[node name="Physical Bone mixamorig_RightShoulder" type="PhysicalBone3D" parent="Armature/Skeleton3D/PhysicalBoneSimulator3D" index="6"]
transform = Transform3D(-21.2243, -15.6608, 30.0711, 26.3292, 14.7388, 26.2591, -21.3612, 33.727, 2.48786, -18.3459, 275.976, -137.235)
collision_layer = 2
collision_mask = 2
joint_type = 1
joint_offset = Transform3D(1, 0, 0, 0, 1, 0, 0, 0, 1, -0.00467224, 0.00190246, 0.175053)
body_offset = Transform3D(-0.00202179, 40, 0.00171661, -0.00263786, 0.00171661, -40, -40, -0.00202751, 0.00263786, -0.0764084, 7.00212, -0.187347)
bone_name = "mixamorig_RightShoulder"
joint_constraints/bias = 0.3
joint_constraints/damping = 1.0
joint_constraints/impulse_clamp = 0.0

[node name="CollisionShape3D" type="CollisionShape3D" parent="Armature/Skeleton3D/PhysicalBoneSimulator3D/Physical Bone mixamorig_RightShoulder" index="0"]
transform = Transform3D(1, -3.12924e-07, -1.49012e-07, -4.02331e-07, 5.96046e-08, 1, 1.04308e-07, -1, 1.49012e-07, -0.231489, 0.0321476, 0.0145792)
shape = SubResource("SphereShape3D_fgj7t")

[node name="Physical Bone mixamorig_RightArm" type="PhysicalBone3D" parent="Armature/Skeleton3D/PhysicalBoneSimulator3D" index="7"]
transform = Transform3D(-21.8981, 33.444, -1.40583, 32.5598, 21.6714, 8.37894, 7.76728, 3.44273, -39.0873, -23.0811, 267.759, -121.212)
collision_layer = 2
collision_mask = 2
joint_type = 1
joint_offset = Transform3D(1, 0, 0, 0, 1, 0, 0, 0, 1, -0.00123991, 0.00189212, 0.416856)
body_offset = Transform3D(40, -0.00774765, -0.0031004, -0.0031004, 0.000180244, -40, 0.00775528, 40, 0.000185013, 0.0509033, 16.6743, -0.0757523)
bone_name = "mixamorig_RightArm"
joint_constraints/bias = 0.3
joint_constraints/damping = 1.0
joint_constraints/impulse_clamp = 0.0

[node name="CollisionShape3D" type="CollisionShape3D" parent="Armature/Skeleton3D/PhysicalBoneSimulator3D/Physical Bone mixamorig_RightArm" index="0"]
transform = Transform3D(1, 1.49012e-08, 0, -1.86265e-09, 6.0536e-09, 1, -1.49012e-08, -1, -5.58794e-09, -0.00487643, 0.0779613, 0.0141296)
shape = SubResource("CapsuleShape3D_y54wu")

[node name="Physical Bone mixamorig_RightForeArm" type="PhysicalBone3D" parent="Armature/Skeleton3D/PhysicalBoneSimulator3D" index="8"]
transform = Transform3D(-15.667, 36.3681, 5.64845, 36.2379, 16.3159, -4.53949, -6.43131, 3.3392, -39.3381, -24.6518, 265.995, -89.8052)
collision_layer = 2
collision_mask = 2
joint_type = 1
joint_offset = Transform3D(1, 0, 0, 0, 1, 0, 0, 0, 1, -0.00286508, 0.00211043, 0.378247)
body_offset = Transform3D(40, -0.00545788, -0.00567198, -0.00566483, -0.00112438, -40, 0.005476, 40, -0.00112343, 0.11676, 15.1299, -0.0839767)
bone_name = "mixamorig_RightForeArm"
joint_constraints/bias = 0.3
joint_constraints/damping = 1.0
joint_constraints/impulse_clamp = 0.0

[node name="CollisionShape3D" type="CollisionShape3D" parent="Armature/Skeleton3D/PhysicalBoneSimulator3D/Physical Bone mixamorig_RightForeArm" index="0"]
transform = Transform3D(1, 0, 0, 0, 0, 1, 0, -1, 0, 0, 0, 0)
shape = SubResource("CapsuleShape3D_ftuuo")

[node name="Physical Bone mixamorig_RightHand" type="PhysicalBone3D" parent="Armature/Skeleton3D/PhysicalBoneSimulator3D" index="9"]
transform = Transform3D(39.0349, -7.15758, -5.0049, -7.31727, -14.2868, -36.638, 4.76838, 36.6696, -15.2514, -26.3285, 270.96, -73.5011)
collision_layer = 2
collision_mask = 2
joint_type = 1
joint_offset = Transform3D(1, 0, 0, 0, 1, 0, 0, 0, 1, 0.00275503, -1.50651e-05, 0.0899941)
body_offset = Transform3D(-30.3884, -18.9682, -17.7975, 0.000821114, 27.369, -29.1708, 26.0105, -22.1617, -20.7922, 1.6851, 2.62561, 1.79918)
bone_name = "mixamorig_RightHand"
joint_constraints/bias = 0.3
joint_constraints/damping = 1.0
joint_constraints/impulse_clamp = 0.0

[node name="CollisionShape3D" type="CollisionShape3D" parent="Armature/Skeleton3D/PhysicalBoneSimulator3D/Physical Bone mixamorig_RightHand" index="0"]
transform = Transform3D(0.767435, 0.0265268, -0.640576, 0.489933, 0.620189, 0.612643, 0.41353, -0.784004, 0.462959, 0.0207529, 0.145947, -0.129476)
shape = SubResource("BoxShape3D_2gynb")

[node name="Physical Bone mixamorig_LeftUpLeg" type="PhysicalBone3D" parent="Armature/Skeleton3D/PhysicalBoneSimulator3D" index="10"]
transform = Transform3D(-38.8252, 5.32375, -8.01651, 6.61342, 38.9669, -6.15197, 6.99067, -7.29669, -38.7026, 22.5485, 249.735, -64.4765)
collision_layer = 2
collision_mask = 2
joint_type = 1
joint_offset = Transform3D(1, 0, 0, 0, 1, 0, 0, 0, 1, 0.00247919, -0.0149481, 0.476185)
body_offset = Transform3D(39.9992, 0.2162, -0.14541, -0.151169, 1.07406, -39.9853, -0.212216, 39.985, 1.07486, -0.0266914, 19.0568, 0.0863953)
bone_name = "mixamorig_LeftUpLeg"
joint_constraints/bias = 0.3
joint_constraints/damping = 1.0
joint_constraints/impulse_clamp = 0.0

[node name="CollisionShape3D" type="CollisionShape3D" parent="Armature/Skeleton3D/PhysicalBoneSimulator3D/Physical Bone mixamorig_LeftUpLeg" index="0"]
transform = Transform3D(0.999904, 0.00764724, 0.0115611, -0.0110904, -0.0589638, 0.998198, 0.00831522, -0.99823, -0.0588731, -0.00669891, 0.0114373, 0.0936278)
shape = SubResource("CapsuleShape3D_jdtiv")

[node name="Physical Bone mixamorig_LeftLeg" type="PhysicalBone3D" parent="Armature/Skeleton3D/PhysicalBoneSimulator3D" index="11"]
transform = Transform3D(-38.5973, 10.0199, -3.13837, 1.30487, 16.4405, 36.4418, 10.4185, 35.0615, -16.1909, 28.616, 228.709, -35.2125)
collision_layer = 2
collision_mask = 2
joint_type = 1
joint_offset = Transform3D(1, 0, 0, 0, 1, 0, 0, 0, 1, 0.000712214, -0.000971496, 0.669222)
body_offset = Transform3D(40, -0.0029217, -0.00189447, -0.00189769, -0.00174618, -40, 0.00292212, 40, -0.00174236, -0.0272236, 26.7689, 0.0400238)
bone_name = "mixamorig_LeftLeg"
joint_constraints/bias = 0.3
joint_constraints/damping = 1.0
joint_constraints/impulse_clamp = 0.0

[node name="CollisionShape3D" type="CollisionShape3D" parent="Armature/Skeleton3D/PhysicalBoneSimulator3D/Physical Bone mixamorig_LeftLeg" index="0"]
transform = Transform3D(1, 2.23517e-08, -1.49012e-08, 0, 0, 1, 1.86265e-08, -1, 0, -0.0116071, -0.0662999, -0.0128866)
shape = SubResource("CapsuleShape3D_myxdv")

[node name="Physical Bone mixamorig_LeftFoot" type="PhysicalBone3D" parent="Armature/Skeleton3D/PhysicalBoneSimulator3D" index="12"]
transform = Transform3D(-4.34807, -38.6856, -9.19326, -38.6212, 1.90856, 10.2351, -9.46014, 9.98895, -37.5596, 33.0427, 201.669, -14.8622)
collision_layer = 2
collision_mask = 2
joint_type = 1
joint_offset = Transform3D(1, 0, 0, 0, 1, 0, 0, 0, 1, 0.00100025, 0.000619783, 0.253032)
body_offset = Transform3D(0.000207782, 40, 6.10352e-05, -0.00127316, 5.79059e-05, -40, -40, 0.000208497, 0.00127125, -0.024807, 10.1213, 0.0396881)
bone_name = "mixamorig_LeftFoot"
joint_constraints/bias = 0.3
joint_constraints/damping = 1.0
joint_constraints/impulse_clamp = 0.0

[node name="CollisionShape3D" type="CollisionShape3D" parent="Armature/Skeleton3D/PhysicalBoneSimulator3D/Physical Bone mixamorig_LeftFoot" index="0"]
transform = Transform3D(0.894745, -0.417152, 0.159348, -0.15338, 0.0480497, 0.986967, -0.419374, -0.907568, -0.0209985, -0.0184355, -0.0183723, -0.0192865)
shape = SubResource("BoxShape3D_3htbp")

[node name="Physical Bone mixamorig_RightUpLeg" type="PhysicalBone3D" parent="Armature/Skeleton3D/PhysicalBoneSimulator3D" index="13"]
transform = Transform3D(-38.9307, 0.465719, 9.17503, -7.93761, 18.4073, -34.6145, -4.62521, -35.5099, -17.8228, -9.65475, 266.119, -73.4988)
collision_layer = 2
collision_mask = 2
joint_type = 1
joint_offset = Transform3D(1, 0, 0, 0, 1, 0, 0, 0, 1, -0.000726721, -0.00199674, 0.47647)
body_offset = Transform3D(40, 0.00218487, -0.00452852, -0.00452757, -0.00533772, -40, -0.00218654, 40, -0.00534058, 0.0312309, 19.0588, 0.0824127)
bone_name = "mixamorig_RightUpLeg"
joint_constraints/bias = 0.3
joint_constraints/damping = 1.0
joint_constraints/impulse_clamp = 0.0

[node name="CollisionShape3D" type="CollisionShape3D" parent="Armature/Skeleton3D/PhysicalBoneSimulator3D/Physical Bone mixamorig_RightUpLeg" index="0"]
transform = Transform3D(1, -8.9407e-08, -1.19209e-07, 2.98023e-08, -5.96046e-08, 1, 5.96046e-08, -1, 2.98023e-08, 0.00635582, 0.00999057, 0.143399)
shape = SubResource("CapsuleShape3D_te51h")

[node name="Physical Bone mixamorig_RightLeg" type="PhysicalBone3D" parent="Armature/Skeleton3D/PhysicalBoneSimulator3D" index="14"]
transform = Transform3D(-38.6433, -9.4458, 4.18011, -10.3006, 36.4479, -12.8628, -0.771416, -13.503, -37.6441, -16.8405, 291.249, -39.725)
collision_layer = 2
collision_mask = 2
joint_type = 1
joint_offset = Transform3D(1, 0, 0, 0, 1, 0, 0, 0, 1, -0.000773991, -0.000718537, 0.669162)
body_offset = Transform3D(40, 0.000406265, -0.000815392, -0.000813007, -0.00306034, -40, -0.000405312, 40, -0.00306511, 0.0315056, 26.7665, 0.0307922)
bone_name = "mixamorig_RightLeg"
joint_constraints/bias = 0.3
joint_constraints/damping = 1.0
joint_constraints/impulse_clamp = 0.0

[node name="CollisionShape3D" type="CollisionShape3D" parent="Armature/Skeleton3D/PhysicalBoneSimulator3D/Physical Bone mixamorig_RightLeg" index="0"]
transform = Transform3D(0.999493, 0.0318309, -0.000536025, 0.00146642, -0.0292168, 0.999572, 0.0318015, -0.999066, -0.0292483, -0.000437558, -0.0677113, -0.00515163)
shape = SubResource("CapsuleShape3D_hbud0")

[node name="Physical Bone mixamorig_RightFoot" type="PhysicalBone3D" parent="Armature/Skeleton3D/PhysicalBoneSimulator3D" index="15"]
transform = Transform3D(-39.0858, -2.60555, 8.09415, -7.84054, -3.69273, -39.0498, 3.29089, -39.7439, 3.09761, -21.6929, 309.757, -15.2329)
collision_layer = 2
collision_mask = 2
joint_type = 1
joint_offset = Transform3D(1, 0, 0, 0, 1, 0, 0, 0, 1, -0.000789307, -0.000462155, 0.25349)
body_offset = Transform3D(40, -9.48906e-05, -0.000715256, -0.000713825, -0.00371313, -40, 9.48906e-05, 40, -0.0037086, 0.0317535, 10.1396, 0.0194263)
bone_name = "mixamorig_RightFoot"
joint_constraints/bias = 0.3
joint_constraints/damping = 1.0
joint_constraints/impulse_clamp = 0.0

[node name="CollisionShape3D" type="CollisionShape3D" parent="Armature/Skeleton3D/PhysicalBoneSimulator3D/Physical Bone mixamorig_RightFoot" index="0"]
transform = Transform3D(0.999789, -0.0029974, -0.0198307, 0.0191548, 0.434652, 0.900393, 0.00593799, -0.900593, 0.434621, 0.0189681, -0.00134772, -0.0252746)
shape = SubResource("BoxShape3D_0iom7")

[node name="CollisionShape3D" type="CollisionShape3D" parent="." index="2"]
transform = Transform3D(0.99767, -0.065815, 0.0179704, 0.065677, 0.997808, 0.00816529, -0.0184684, -0.00696611, 0.999806, -0.00234399, 1.17401, -0.0244592)
shape = SubResource("CapsuleShape3D_ot87u")

[node name="NavigationAgent3D" type="NavigationAgent3D" parent="." index="3"]
path_height_offset = 0.15

[node name="AnimationTree" type="AnimationTree" parent="." index="4"]
root_motion_track = NodePath("Armature/Skeleton3D:mixamorig_Hips")
tree_root = SubResource("AnimationNodeStateMachine_h15oy")
anim_player = NodePath("../AnimationPlayer")
