[gd_scene load_steps=17 format=3 uid="uid://igrc84teqrtw"]

[ext_resource type="PackedScene" uid="uid://cgdbgwbr2lq71" path="res://Models/NEW Zombie/zombie.glb" id="1_7dofb"]

[sub_resource type="CapsuleShape3D" id="CapsuleShape3D_4ru28"]
radius = 0.183154
height = 0.95309

[sub_resource type="CapsuleShape3D" id="CapsuleShape3D_2dktg"]
radius = 0.10905
height = 0.306574

[sub_resource type="CapsuleShape3D" id="CapsuleShape3D_fgj7t"]
radius = 0.0741495
height = 0.424411

[sub_resource type="CapsuleShape3D" id="CapsuleShape3D_y54wu"]
radius = 0.0648117
height = 0.364707

[sub_resource type="BoxShape3D" id="BoxShape3D_ftuuo"]
size = Vector3(0.0717773, 0.214783, 0.148315)

[sub_resource type="CapsuleShape3D" id="CapsuleShape3D_16wh7"]
radius = 0.0692656
height = 0.465437

[sub_resource type="CapsuleShape3D" id="CapsuleShape3D_w534t"]
radius = 0.0693865
height = 0.389021

[sub_resource type="BoxShape3D" id="BoxShape3D_4ru28"]
size = Vector3(0.0585938, 0.118652, 0.200195)

[sub_resource type="CapsuleShape3D" id="CapsuleShape3D_okq6k"]
radius = 0.104476
height = 0.500767

[sub_resource type="CapsuleShape3D" id="CapsuleShape3D_nafrj"]
radius = 0.0920057
height = 0.628754

[sub_resource type="BoxShape3D" id="BoxShape3D_h15oy"]
size = Vector3(0.0765381, 0.320374, 0.111084)

[sub_resource type="CapsuleShape3D" id="CapsuleShape3D_1ruyg"]
radius = 0.101408
height = 0.458374

[sub_resource type="CapsuleShape3D" id="CapsuleShape3D_plhey"]
radius = 0.103831
height = 0.584882

[sub_resource type="BoxShape3D" id="BoxShape3D_yf4vm"]
size = Vector3(0.151794, 0.339447, 0.0857086)

[sub_resource type="CapsuleShape3D" id="CapsuleShape3D_ot87u"]
radius = 0.2
height = 2.03305

[node name="zombie" instance=ExtResource("1_7dofb")]

[node name="Skeleton3D" parent="Armature" index="0"]
bones/0/rest = Transform3D(0.945897, -0.00608522, -0.324411, 0.31892, 0.201534, 0.926107, 0.0597441, -0.979463, 0.192571, 0.863588, -1.05356, -102.963)
bones/0/position = Vector3(-102.165, -4.20302, -104.576)
bones/0/rotation = Quaternion(-0.59159, -0.022296, 0.017876, 0.805732)
bones/1/rest = Transform3D(0.999444, -0.0319486, -0.00955041, 0.031329, 0.997755, -0.0591939, 0.0114201, 0.0588618, 0.998201, 1.92743e-05, 8.53651, 0.187089)
bones/1/rotation = Quaternion(0.138346, -0.0142003, 0.00130491, 0.990281)
bones/2/rest = Transform3D(0.999458, -0.0261071, -0.0200526, 0.0233124, 0.991397, -0.128796, 0.0232426, 0.128259, 0.991468, 8.79167e-07, 9.68578, -4.32231e-07)
bones/2/position = Vector3(2.38417e-07, 9.68579, 2.45266e-07)
bones/2/rotation = Quaternion(0.0461686, -0.00696981, -0.0138238, 0.998814)
bones/3/rest = Transform3D(0.999484, -0.0262891, -0.0184462, 0.0240182, 0.993183, -0.114065, 0.0213191, 0.113563, 0.993302, -8.34465e-07, 15.8754, -3.49938e-06)
bones/3/position = Vector3(-9.53674e-07, 15.8754, 1.02591e-06)
bones/3/rotation = Quaternion(0.036871, -0.00368447, -0.00165453, 0.999312)
bones/3/scale = Vector3(1, 1, 1)
bones/4/rest = Transform3D(0.997424, 0.0416059, 0.0584364, -0.0473924, 0.993716, 0.101408, -0.05385, -0.103916, 0.993127, -2.25939e-06, 26.1734, -0.161192)
bones/4/position = Vector3(-2.27374e-13, 26.1735, -0.161197)
bones/4/rotation = Quaternion(-0.0722592, 0.00957933, 0.0154664, 0.99722)
bones/4/scale = Vector3(1, 1, 1)
bones/5/rest = Transform3D(0.967761, 0.0206413, 0.251023, -0.116264, 0.920712, 0.372521, -0.22343, -0.389697, 0.893429, -2.38419e-07, 14.3693, 0.127823)
bones/5/position = Vector3(-1.90735e-06, 14.3693, 0.127821)
bones/5/rotation = Quaternion(-0.228254, 0.0442182, -0.00457595, 0.972586)
bones/7/rest = Transform3D(1, -3.67612e-22, -4.62192e-22, 3.67612e-22, 1, 3.55271e-15, 4.62192e-22, -3.55271e-15, 1, 3.79812, 2.10749, 10.4781)
bones/7/position = Vector3(3.79811, 2.10752, 10.4781)
bones/9/rest = Transform3D(-0.356711, 0.879941, -0.313787, 0.0999452, -0.29801, -0.949316, -0.928853, -0.369993, 0.0183575, 9.35865, 25.2861, -1.88549)
bones/9/position = Vector3(9.35865, 25.2861, -1.88549)
bones/9/rotation = Quaternion(-0.498728, -0.364676, 0.602553, -0.505185)
bones/9/scale = Vector3(1, 1, 1)
bones/10/rest = Transform3D(0.776751, -0.464372, 0.42546, 0.627772, 0.516595, -0.582264, 0.0505962, 0.719366, 0.692786, 5.47733e-06, 14.0527, -2.30874e-05)
bones/10/position = Vector3(-6.94971e-06, 14.0527, 1.50174e-05)
bones/10/rotation = Quaternion(0.53818, -0.0458549, 0.169666, 0.824301)
bones/10/scale = Vector3(1, 1, 1)
bones/11/rest = Transform3D(0.100457, -0.994941, -7.59789e-07, 0.994941, 0.100457, -2.30664e-07, 3.05824e-07, -7.32774e-07, 1, 6.33078e-06, 33.6167, 2.99731e-06)
bones/11/position = Vector3(-1.87616e-06, 33.6167, 6.81201e-06)
bones/11/rotation = Quaternion(4.69387e-07, 0.107583, 0.410082, 0.905681)
bones/12/rest = Transform3D(0.931696, -0.151822, 0.329988, -0.0162467, 0.890135, 0.455407, -0.362875, -0.429662, 0.826869, 1.71841e-06, 30.299, -3.95567e-07)
bones/12/position = Vector3(-2.21549e-06, 30.299, -1.49826e-06)
bones/12/rotation = Quaternion(-0.263744, 0.0953606, 0.224452, 0.933256)
bones/13/rest = Transform3D(0.903155, -0.366284, 0.223937, 0.425254, 0.834842, -0.349568, -0.0589105, 0.410944, 0.909755, -3.16123, 5.18091, 3.69329)
bones/13/position = Vector3(-3.16124, 5.18089, 3.69329)
bones/13/rotation = Quaternion(0.311956, 0.0908195, 0.153057, 0.933279)
bones/13/scale = Vector3(1, 1, 1)
bones/14/rest = Transform3D(0.999402, 0.00612916, 0.0340319, -0.00292589, 0.995625, -0.0933891, -0.0344554, 0.0932337, 0.995048, 1.43052e-06, 2.30715, -5.03659e-06)
bones/14/position = Vector3(3.94135e-06, 2.30715, 5.30482e-06)
bones/14/rotation = Quaternion(0.0211959, 0.0168304, -0.0885124, 0.995707)
bones/14/scale = Vector3(1, 1, 1)
bones/15/rest = Transform3D(0.747183, 0.631817, -0.206218, -0.641105, 0.766978, 0.0269977, 0.175222, 0.112035, 0.978134, 6.55652e-06, 1.90816, 1.2517e-05)
bones/15/position = Vector3(1.40072e-06, 1.90816, 8.34465e-06)
bones/15/rotation = Quaternion(-0.141741, -0.036147, -0.102209, 0.983949)
bones/15/scale = Vector3(1, 1, 1)
bones/16/rest = Transform3D(1, -1.11293e-07, -1.49012e-08, 1.11293e-07, 1, 1.49012e-08, 1.49012e-08, -1.49012e-08, 1, 1.78814e-06, 4.69459, 1.12951e-05)
bones/16/position = Vector3(5.48363e-06, 4.69459, 1.16229e-06)
bones/17/rest = Transform3D(0.971585, -0.17651, -0.157695, 0.137487, 0.963185, -0.231023, 0.192667, 0.202778, 0.960084, -3.24983, 13.8717, 0.386113)
bones/17/position = Vector3(-3.24983, 13.8716, 0.38612)
bones/17/rotation = Quaternion(0.200788, 0.0182429, 0.0113402, 0.979399)
bones/18/rest = Transform3D(0.998848, 0.0457066, -0.0146493, -0.0479462, 0.936166, -0.348275, -0.0022043, 0.348576, 0.937278, -6.24246e-06, 3.2711, -3.03619e-06)
bones/18/position = Vector3(-2.57684e-06, 3.27111, 2.20899e-06)
bones/18/rotation = Quaternion(0.262308, -8.39354e-08, -0.0268733, 0.96461)
bones/19/rest = Transform3D(0.995837, 0.0845805, -0.0339889, -0.086639, 0.76235, -0.641339, -0.0283334, 0.641614, 0.766504, -2.13751e-06, 3.40992, -6.19457e-06)
bones/19/position = Vector3(2.7203e-06, 3.40992, 9.58003e-07)
bones/19/rotation = Quaternion(0.274526, 2.57976e-07, -0.0281248, 0.961168)
bones/20/rest = Transform3D(1, -1.07103e-07, 1.04452e-07, 1.07102e-07, 1, 9.60957e-06, -1.04453e-07, -9.60957e-06, 1, -5.99724e-06, 3.17573, -3.5767e-06)
bones/20/position = Vector3(-4.26871e-06, 3.17576, -4.15813e-06)
bones/21/rest = Transform3D(0.999067, -0.0398802, -0.0165741, 0.0398167, 0.999198, -0.0041409, 0.0167259, 0.00347712, 0.999854, -0.0126702, 14.102, 0.000442389)
bones/21/position = Vector3(-0.0126775, 14.102, 0.000452641)
bones/21/rotation = Quaternion(0.193915, -0.00334241, -0.0394535, 0.980219)
bones/22/rest = Transform3D(0.993097, 0.0935972, -0.0706904, -0.112313, 0.585077, -0.803163, -0.0338145, 0.805559, 0.59155, -5.19405e-06, 3.09714, -9.39051e-06)
bones/22/position = Vector3(2.87418e-06, 3.09715, 1.46087e-07)
bones/22/rotation = Quaternion(0.281368, 1.86265e-07, -0.0288257, 0.959167)
bones/23/rest = Transform3D(0.99912, 0.0383161, -0.0170534, -0.0416907, 0.951625, -0.304421, 0.00456419, 0.304865, 0.952385, -2.49182e-06, 3.57789, 1.89537e-06)
bones/23/position = Vector3(6.56183e-07, 3.57788, -1.21678e-08)
bones/23/rotation = Quaternion(0.218138, 1.34634e-07, -0.0223477, 0.975662)
bones/23/scale = Vector3(1, 1, 1)
bones/24/rest = Transform3D(1, 2.77535e-07, -2.77655e-07, -2.77533e-07, 1, 8.85687e-06, 2.77657e-07, -8.85687e-06, 1, 3.98674e-07, 3.44565, -8.31985e-06)
bones/24/position = Vector3(4.95098e-06, 3.44564, 1.2332e-06)
bones/25/rest = Transform3D(0.978033, 0.207682, 0.0178539, -0.203565, 0.933178, 0.296211, 0.0448569, -0.293339, 0.954956, 3.39084, 13.557, 0.26039)
bones/25/position = Vector3(3.39084, 13.557, 0.260403)
bones/25/rotation = Quaternion(0.245761, -0.00440113, -0.0434627, 0.968346)
bones/26/rest = Transform3D(0.998214, 0.053826, -0.0259052, -0.0597345, 0.901887, -0.427823, 0.000335591, 0.428606, 0.903491, 3.89656e-06, 2.93514, 1.12531e-05)
bones/26/position = Vector3(1.13393e-05, 2.93513, -1.85989e-06)
bones/26/rotation = Quaternion(0.196468, 2.09548e-07, -0.0201285, 0.980304)
bones/27/rest = Transform3D(0.996544, 0.0765738, -0.0321793, -0.0806784, 0.800251, -0.594213, -0.0197496, 0.594756, 0.803663, 5.88677e-06, 2.77863, -3.67136e-06)
bones/27/position = Vector3(2.08326e-06, 2.77863, -3.19452e-06)
bones/27/rotation = Quaternion(0.376921, -1.02195e-06, -0.0386157, 0.92544)
bones/28/rest = Transform3D(1, -6.10004e-07, 6.07798e-07, 6.10017e-07, 1, -2.10025e-05, -6.07785e-07, 2.10025e-05, 1, -8.7952e-06, 2.9061, 5.19424e-06)
bones/28/position = Vector3(-3.66548e-06, 2.9061, 2.33318e-06)
bones/29/rest = Transform3D(0.904069, 0.418459, 0.0869032, -0.423558, 0.90441, 0.0513961, -0.0570889, -0.0832741, 0.99489, 6.04354, 12.4073, 0.272613)
bones/29/position = Vector3(6.04354, 12.4073, 0.272625)
bones/29/rotation = Quaternion(0.120047, -0.014525, -0.0698355, 0.990202)
bones/30/rest = Transform3D(0.997958, 0.0587254, -0.0251303, -0.0637513, 0.891064, -0.449377, -0.00399716, 0.450062, 0.892989, -2.97336e-06, 2.21246, 3.41046e-06)
bones/30/position = Vector3(4.11949e-06, 2.21247, -3.02692e-06)
bones/30/rotation = Quaternion(0.230483, -8.41101e-07, -0.0236134, 0.97279)
bones/31/rest = Transform3D(0.992284, 0.107644, -0.0615198, -0.112258, 0.569401, -0.814359, -0.0526313, 0.814982, 0.577091, 4.83287e-06, 1.95227, 3.65832e-06)
bones/31/position = Vector3(-8.56328e-06, 1.95228, -8.71551e-07)
bones/31/rotation = Quaternion(0.414714, 7.3947e-07, -0.0424871, 0.90896)
bones/32/rest = Transform3D(1, 2.95229e-07, -2.97392e-07, -2.9523e-07, 1, -5.50973e-06, 2.97391e-07, 5.50973e-06, 1, 8.87921e-06, 2.76943, 4.60761e-06)
bones/32/position = Vector3(2.08428e-06, 2.76943, -1.60791e-07)
bones/33/rest = Transform3D(-0.198396, -0.933813, 0.29771, -0.114436, -0.279601, -0.953272, 0.973418, -0.223194, -0.0513898, -9.35865, 25.2863, -1.88549)
bones/33/rotation = Quaternion(0.500178, -0.316381, 0.585596, 0.553897)
bones/33/scale = Vector3(1, 1, 1)
bones/34/rest = Transform3D(0.779851, 0.510174, -0.362704, -0.585186, 0.388471, -0.711792, -0.222237, 0.767341, 0.601496, 6.01815e-06, 14.0527, -1.10223e-05)
bones/34/position = Vector3(9.51987e-07, 14.0527, -4.35772e-07)
bones/34/rotation = Quaternion(0.55801, 0.0108593, -0.0273644, 0.829312)
bones/35/rest = Transform3D(0.0303225, 0.99954, 1.20734e-06, -0.99954, 0.0303225, 1.69753e-06, 1.66014e-06, -1.25826e-06, 1, 2.557e-06, 33.6167, 1.24734e-06)
bones/35/position = Vector3(1.61939e-06, 33.6167, 1.76327e-06)
bones/35/rotation = Quaternion(-3.20375e-07, -0.113747, -0.433576, 0.893909)
bones/36/rest = Transform3D(0.899035, 0.108902, -0.424118, -0.132057, 0.990914, -0.0254922, 0.417489, 0.0789262, 0.905248, 2.68629e-06, 30.2989, 2.16562e-06)
bones/36/position = Vector3(-1.12841e-06, 30.2989, -5.94061e-06)
bones/36/rotation = Quaternion(-0.166937, 0.00401149, -0.155737, 0.973582)
bones/37/rest = Transform3D(0.622594, 0.770948, -0.134223, -0.779061, 0.626804, -0.0134466, 0.0737652, 0.11294, 0.99086, 3.16124, 5.1809, 3.69301)
bones/37/rotation = Quaternion(0.258476, -0.0710183, -0.322465, 0.907834)
bones/38/rest = Transform3D(0.685718, -0.72331, 0.0813253, 0.715646, 0.690371, 0.106012, -0.132824, -0.0144941, 0.991034, -3.21864e-06, 2.30722, 1.0818e-05)
bones/38/position = Vector3(3.21869e-06, 2.30723, 1.04226e-06)
bones/38/rotation = Quaternion(0.00242937, 0.0178583, 0.173194, 0.984723)
bones/38/scale = Vector3(1, 1, 1)
bones/39/rest = Transform3D(0.901366, 0.432435, 0.0232131, -0.432883, 0.90123, 0.0199288, -0.0123024, -0.0280116, 0.999532, 1.34097e-06, 1.9081, 9.41562e-06)
bones/39/position = Vector3(4.7673e-07, 1.90811, 2.50183e-06)
bones/39/rotation = Quaternion(-0.134203, 0.0286429, 0.133663, 0.98148)
bones/39/scale = Vector3(1, 1, 1)
bones/40/rest = Transform3D(1, 2.84053e-08, 4.56348e-08, -2.84053e-08, 1, 4.09782e-08, -4.56348e-08, -4.09782e-08, 1, -1.09673e-05, 4.69479, 1.82092e-05)
bones/40/position = Vector3(5.96046e-07, 4.69478, 1.66595e-05)
bones/41/rest = Transform3D(0.997924, -0.0575216, -0.028959, 0.0640738, 0.932027, 0.356678, 0.00647389, -0.357794, 0.933778, 3.24982, 13.8715, 0.386003)
bones/41/position = Vector3(3.24983, 13.8715, 0.386006)
bones/41/rotation = Quaternion(0.120022, -0.025174, -0.0269628, 0.992086)
bones/42/rest = Transform3D(0.994925, -0.0906212, 0.043715, 0.0952658, 0.708705, -0.699043, 0.0323671, 0.699661, 0.713742, 1.74337e-06, 3.271, 5.98953e-06)
bones/42/position = Vector3(-6.12436e-06, 3.27101, -2.09334e-07)
bones/42/rotation = Quaternion(0.164801, 4.93601e-08, 0.0134131, 0.986236)
bones/43/rest = Transform3D(0.999813, -0.0188006, 0.00453397, 0.0192544, 0.989647, -0.142227, -0.00181308, 0.142288, 0.989824, -1.09986e-05, 3.41001, -4.95311e-06)
bones/43/position = Vector3(-1.22341e-06, 3.41, 2.9212e-07)
bones/43/rotation = Quaternion(0.175963, -2.124e-07, 0.0143212, 0.984293)
bones/44/rest = Transform3D(1, -1.15484e-07, 1.1916e-07, 1.15484e-07, 1, 4.80441e-06, -1.1916e-07, -4.80441e-06, 1, -6.88211e-06, 3.176, 1.7545e-06)
bones/44/position = Vector3(1.70096e-06, 3.17599, 5.56922e-06)
bones/45/rest = Transform3D(0.998513, -0.0545133, -0.000854574, 0.052975, 0.966393, 0.251551, -0.012887, -0.251222, 0.967844, 0.012679, 14.1025, -2.0089e-06)
bones/45/position = Vector3(0.0126816, 14.1025, 2.99789e-06)
bones/45/rotation = Quaternion(0.122064, 0.00195683, 0.0292766, 0.992088)
bones/46/rest = Transform3D(0.992109, -0.0977823, 0.0784814, 0.117137, 0.499608, -0.858295, 0.0447161, 0.860715, 0.507119, -1.05212e-05, 3.09699, 2.8634e-06)
bones/46/position = Vector3(2.82999e-06, 3.09701, 1.19448e-06)
bones/46/rotation = Quaternion(0.219212, -1.22935e-07, 0.017841, 0.975514)
bones/47/rest = Transform3D(0.995091, -0.0872614, 0.0466829, 0.0950338, 0.710964, -0.696778, 0.027612, 0.697794, 0.715766, 4.77125e-06, 3.578, -1.10304e-06)
bones/47/position = Vector3(2.14842e-06, 3.57798, -3.87782e-07)
bones/47/rotation = Quaternion(0.226827, 6.33299e-08, 0.0184613, 0.97376)
bones/47/scale = Vector3(1, 1, 1)
bones/48/rest = Transform3D(1, -1.35973e-07, 1.37847e-07, 1.35973e-07, 1, 2.19173e-14, -1.37847e-07, -3.17376e-15, 1, 2.40682e-06, 3.445, -2.51685e-06)
bones/48/position = Vector3(-8.0836e-06, 3.44501, 4.39729e-06)
bones/49/rest = Transform3D(0.990297, -0.132917, 0.0405512, 0.13892, 0.954397, -0.264249, -0.00357865, 0.267318, 0.963602, -3.39083, 13.5575, 0.259991)
bones/49/position = Vector3(-3.39083, 13.5575, 0.260001)
bones/49/rotation = Quaternion(0.14632, 0.00937651, 0.0984129, 0.984285)
bones/50/rest = Transform3D(0.999771, -0.0158425, 0.0143899, 0.0173896, 0.993252, -0.114665, -0.0124762, 0.114889, 0.9933, -1.27841e-05, 2.93499, -3.04795e-06)
bones/50/position = Vector3(-1.57835e-06, 2.93499, 1.48199e-06)
bones/50/rotation = Quaternion(0.383942, -5.73695e-07, 0.0312479, 0.922828)
bones/51/rest = Transform3D(0.999889, -0.0129012, 0.00743987, 0.0135678, 0.995106, -0.0978763, -0.00614073, 0.0979664, 0.995171, 2.0644e-06, 2.77799, -1.1498e-05)
bones/51/position = Vector3(-3.65765e-06, 2.77799, -3.39179e-06)
bones/51/rotation = Quaternion(0.212901, 4.33764e-07, 0.0173288, 0.97692)
bones/52/rest = Transform3D(1, -5.15952e-07, 5.18667e-07, 5.15957e-07, 1, -1.05015e-05, -5.18661e-07, 1.05015e-05, 1, 5.24836e-06, 2.90602, 9.57634e-06)
bones/52/position = Vector3(3.57942e-06, 2.90602, -4.7288e-06)
bones/53/rest = Transform3D(0.98472, -0.156458, 0.0764666, 0.17391, 0.860781, -0.478342, 0.00901924, 0.484331, 0.874838, -6.04355, 12.4074, 0.272995)
bones/53/position = Vector3(-6.04356, 12.4074, 0.272999)
bones/53/rotation = Quaternion(0.193016, 0.0603782, 0.192356, 0.96026)
bones/54/rest = Transform3D(0.992175, -0.105203, 0.0672423, 0.114872, 0.558114, -0.821775, 0.0489242, 0.823068, 0.565831, 1.63152e-06, 2.21211, -2.4669e-06)
bones/54/position = Vector3(-3.74052e-08, 2.2121, 8.73053e-07)
bones/54/rotation = Quaternion(0.248069, 2.34693e-07, 0.0201903, 0.968532)
bones/55/rest = Transform3D(0.995106, -0.089906, 0.0409873, 0.0937235, 0.727503, -0.679673, 0.0312882, 0.680188, 0.732369, -9.20339e-06, 1.95301, -2.92273e-06)
bones/55/position = Vector3(5.71765e-07, 1.953, 3.51138e-06)
bones/55/rotation = Quaternion(0.327441, -5.20144e-07, 0.0266493, 0.944496)
bones/56/rest = Transform3D(1, -1.42027e-06, 1.42534e-06, 1.42025e-06, 1, 1.65317e-05, -1.42537e-06, -1.65317e-05, 1, 5.20529e-07, 2.769, -1.29411e-06)
bones/57/rest = Transform3D(-0.898807, 0.431889, 0.0749527, -0.211484, -0.577026, 0.788872, 0.383954, 0.69319, 0.609975, 12.031, -12.2925, 0.769718)
bones/57/position = Vector3(12.031, -12.2925, 0.76972)
bones/57/rotation = Quaternion(0.0627725, 0.394207, 0.904161, -0.152161)
bones/57/scale = Vector3(1, 1, 1)
bones/58/rest = Transform3D(0.988848, -0.0127323, -0.148386, 0.125259, 0.610075, 0.78238, 0.0805649, -0.792241, 0.604866, -9.46492e-07, 38.169, 1.71782e-07)
bones/58/rotation = Quaternion(-0.359138, 0.0238721, 0.0197682, 0.93277)
bones/58/scale = Vector3(1, 1, 1)
bones/59/rest = Transform3D(0.946817, 0.1492, -0.28509, -0.321078, 0.379935, -0.867501, -0.0211152, 0.912901, 0.407634, -9.61937e-07, 53.63, 7.71364e-07)
bones/59/position = Vector3(-8.26344e-09, 53.63, -1.02567e-06)
bones/59/rotation = Quaternion(0.561863, -0.015932, -0.164496, 0.810553)
bones/59/scale = Vector3(1, 1, 1)
bones/60/rest = Transform3D(1, 1.60476e-06, 1.08104e-06, -7.70074e-07, 0.842627, -0.538498, -1.77507e-06, 0.538498, 0.842627, 2.87108e-05, 20.2, -4.01012e-06)
bones/60/rotation = Quaternion(0.32091, 5.59048e-07, -6.52744e-07, 0.94711)
bones/60/scale = Vector3(1, 1, 1)
bones/62/rest = Transform3D(-0.941915, -0.305224, -0.140123, 0.123488, -0.702738, 0.700652, -0.312324, 0.642649, 0.699614, -12.031, -12.2925, 0.769723)
bones/62/position = Vector3(-12.031, -12.2925, 0.769724)
bones/62/rotation = Quaternion(-0.0488794, 0.399316, 0.911443, 0.0861957)
bones/62/scale = Vector3(1, 1, 1)
bones/63/rest = Transform3D(0.985822, 0.00585785, 0.16769, -0.135424, 0.617842, 0.774552, -0.0990689, -0.78628, 0.609876, -4.04856e-06, 38.169, -1.96208e-06)
bones/63/position = Vector3(1.12214e-06, 38.169, -2.85818e-07)
bones/63/rotation = Quaternion(-0.375326, 0.017772, -0.0827293, 0.923023)
bones/64/rest = Transform3D(0.954615, -0.128189, 0.268847, 0.296266, 0.315883, -0.901357, 0.0306203, 0.940099, 0.339524, 3.4337e-07, 53.63, 3.00217e-07)
bones/64/rotation = Quaternion(0.562785, 0.0696704, 0.150856, 0.80973)
bones/64/scale = Vector3(1, 1, 1)
bones/65/rest = Transform3D(0.999993, -2.04038e-05, -0.00378862, -0.00200802, 0.845128, -0.534561, 0.00321278, 0.534564, 0.845122, -1.71879e-06, 20.2, 2.18518e-06)
bones/65/position = Vector3(4.36755e-07, 20.2, -5.89826e-06)
bones/65/rotation = Quaternion(0.304, 2.96477e-08, 7.39212e-07, 0.952672)
bones/66/rest = Transform3D(1, 5.06262e-14, -9.24816e-14, -5.06262e-14, 1, 2.13622e-08, 9.24816e-14, -2.13622e-08, 1, -5.246e-07, 10.008, -6.11068e-07)

[node name="PhysicalBoneSimulator3D" type="PhysicalBoneSimulator3D" parent="Armature/Skeleton3D" index="1"]

[node name="Physical Bone mixamorig_Spine" type="PhysicalBone3D" parent="Armature/Skeleton3D/PhysicalBoneSimulator3D" index="0"]
transform = Transform3D(99.6338, -8.19306, 2.44737, 8.18995, 83.2103, -54.854, 2.45776, 54.8536, 83.5766, -102.593, 3.78229, -124.375)
joint_type = 1
joint_offset = Transform3D(1, 0, 0, 0, 1, 0, 0, 0, 1, 0.00252771, 0.0202127, 0.12677)
body_offset = Transform3D(100, -0.00055027, -4.43459e-05, -4.29153e-05, 0.000221252, -100, 0.000549316, 100, 0.000221252, -0.252754, 12.677, -2.0213)
bone_name = "mixamorig_Spine"
joint_constraints/bias = 0.3
joint_constraints/damping = 1.0
joint_constraints/impulse_clamp = 0.0

[node name="CollisionShape3D" type="CollisionShape3D" parent="Armature/Skeleton3D/PhysicalBoneSimulator3D/Physical Bone mixamorig_Spine" index="0"]
transform = Transform3D(0.999839, 0.0176348, -0.00339428, 0.0025056, 0.0501687, 0.998738, 0.0177829, -0.998586, 0.0501169, -0.00461539, 0.034475, -0.0122032)
shape = SubResource("CapsuleShape3D_4ru28")

[node name="Physical Bone mixamorig_Head" type="PhysicalBone3D" parent="Armature/Skeleton3D/PhysicalBoneSimulator3D" index="1"]
transform = Transform3D(-99.9996, -0.00524982, -0.281325, 0.0872343, -95.6346, -29.2236, -0.26751, -29.2237, 95.6342, -103.099, 41.838, -171.115)
joint_type = 1
joint_offset = Transform3D(1, 0, 0, 0, 1, 0, 0, 0, 1, 3.00796e-05, 0.000108335, 0.0723993)
body_offset = Transform3D(-100, 0.000535429, 0.000131996, -5.11026e-05, 15.3657, -98.8124, -0.000546716, -98.8124, -15.3657, 0.00299835, 7.15228, 1.12317)
bone_name = "mixamorig_Head"
joint_constraints/bias = 0.3
joint_constraints/damping = 1.0
joint_constraints/impulse_clamp = 0.0

[node name="CollisionShape3D" type="CollisionShape3D" parent="Armature/Skeleton3D/PhysicalBoneSimulator3D/Physical Bone mixamorig_Head" index="0"]
transform = Transform3D(0.999988, 0.00437098, -0.00151238, 0.00127182, 0.0545136, 0.998512, 0.00444699, -0.998502, 0.0545074, -0.000905171, -0.0260338, 0.0736593)
shape = SubResource("CapsuleShape3D_2dktg")

[node name="Physical Bone mixamorig_LeftArm" type="PhysicalBone3D" parent="Armature/Skeleton3D/PhysicalBoneSimulator3D" index="2"]
transform = Transform3D(25.9638, -96.0625, -9.89311, -95.0607, -27.2279, 14.9031, -17.01, 5.53504, -98.3871, -78.0496, 27.4772, -132.053)
joint_type = 1
joint_offset = Transform3D(1, 0, 0, 0, 1, 0, 0, 0, 1, 4.20595e-05, -4.73751e-05, 0.16812)
body_offset = Transform3D(100, -1.90735e-06, -5.81741e-05, -7.72476e-05, 4.62532e-05, -100, 3.8147e-06, 100, 4.33922e-05, -0.00419617, 16.812, 0.00473022)
bone_name = "mixamorig_LeftArm"
joint_constraints/bias = 0.3
joint_constraints/damping = 1.0
joint_constraints/impulse_clamp = 0.0

[node name="CollisionShape3D" type="CollisionShape3D" parent="Armature/Skeleton3D/PhysicalBoneSimulator3D/Physical Bone mixamorig_LeftArm" index="0"]
transform = Transform3D(0.998073, -0.0168249, -0.0597388, 0.0581174, -0.084369, 0.994738, -0.0217765, -0.996293, -0.0832287, -0.00262386, 0.0352481, 0.0157489)
shape = SubResource("CapsuleShape3D_fgj7t")

[node name="Physical Bone mixamorig_LeftForeArm" type="PhysicalBone3D" parent="Armature/Skeleton3D/PhysicalBoneSimulator3D" index="3"]
transform = Transform3D(42.6589, -87.931, 21.1745, -66.7514, -46.4061, -58.2299, 61.0284, 10.706, -78.4915, -79.5984, 33.8047, -103.637)
joint_type = 1
joint_offset = Transform3D(1, 0, 0, 0, 1, 0, 0, 0, 1, 0.000173497, -1.05649e-05, 0.15153)
body_offset = Transform3D(99.9999, -0.0724602, -0.112488, -0.112514, -0.0293808, -100, 0.0724297, 100, -0.0294628, -0.000305176, 15.153, 0.00550842)
bone_name = "mixamorig_LeftForeArm"
joint_constraints/bias = 0.3
joint_constraints/damping = 1.0
joint_constraints/impulse_clamp = 0.0

[node name="CollisionShape3D" type="CollisionShape3D" parent="Armature/Skeleton3D/PhysicalBoneSimulator3D/Physical Bone mixamorig_LeftForeArm" index="0"]
transform = Transform3D(1, -5.23776e-06, 3.47942e-06, -3.47942e-06, -1.10269e-06, 1, -5.43147e-06, -1, -1.2219e-06, -0.00390601, 0.00660419, -0.00886202)
shape = SubResource("CapsuleShape3D_y54wu")

[node name="Physical Bone mixamorig_LeftHand" type="PhysicalBone3D" parent="Armature/Skeleton3D/PhysicalBoneSimulator3D" index="4"]
transform = Transform3D(11.453, 74.7036, 65.4844, 25.5619, 61.4824, -74.609, -95.997, 25.284, -12.054, -85.0467, 45.2575, -91.3178)
joint_type = 1
joint_offset = Transform3D(1, 0, 0, 0, 1, 0, 0, 0, 1, 0.000126317, -0.000457498, 0.0347493)
body_offset = Transform3D(-75.971, 47.4195, 44.495, 5.72205e-05, 68.4263, -72.9236, -65.0263, -55.4007, -51.9841, -1.51488, 2.56535, 1.78928)
bone_name = "mixamorig_LeftHand"
joint_constraints/bias = 0.3
joint_constraints/damping = 1.0
joint_constraints/impulse_clamp = 0.0

[node name="CollisionShape3D" type="CollisionShape3D" parent="Armature/Skeleton3D/PhysicalBoneSimulator3D/Physical Bone mixamorig_LeftHand" index="0"]
transform = Transform3D(0.892589, 0.166944, -0.418848, 0.213931, 0.660913, 0.719336, 0.396911, -0.731661, 0.554209, -0.0149688, 0.0621321, -0.0413184)
shape = SubResource("BoxShape3D_ftuuo")

[node name="Physical Bone mixamorig_RightArm" type="PhysicalBone3D" parent="Armature/Skeleton3D/PhysicalBoneSimulator3D" index="5"]
transform = Transform3D(3.77417, 98.4703, 17.0106, 93.6781, -9.41245, 33.7019, 34.7874, 14.6632, -92.6003, -128.448, 22.2009, -135.143)
joint_type = 1
joint_offset = Transform3D(1, 0, 0, 0, 1, 0, 0, 0, 1, 9.39374e-06, -3.81732e-05, 0.168138)
body_offset = Transform3D(100, -3.52859e-05, -0.000436783, -0.000417709, 0.000372171, -100, 1.81198e-05, 100, 0.000378609, -0.000865936, 16.8138, 0.00375366)
bone_name = "mixamorig_RightArm"
joint_constraints/bias = 0.3
joint_constraints/damping = 1.0
joint_constraints/impulse_clamp = 0.0

[node name="CollisionShape3D" type="CollisionShape3D" parent="Armature/Skeleton3D/PhysicalBoneSimulator3D/Physical Bone mixamorig_RightArm" index="0"]
transform = Transform3D(0.999803, 0.00196283, 0.0197742, -0.0194601, -0.104707, 0.994313, 0.00402217, -0.994502, -0.104648, -0.000159442, 0.0385917, 0.00896668)
shape = SubResource("CapsuleShape3D_16wh7")

[node name="Physical Bone mixamorig_RightForeArm" type="PhysicalBone3D" parent="Armature/Skeleton3D/PhysicalBoneSimulator3D" index="6"]
transform = Transform3D(35.4686, 93.4767, -2.02316, 80.2436, -31.5438, -50.6552, -47.989, 16.3432, -86.1972, -131.002, 24.2105, -106.524)
joint_type = 1
joint_offset = Transform3D(1, 0, 0, 0, 1, 0, 0, 0, 1, 2.07721e-05, -2.51445e-05, 0.151492)
body_offset = Transform3D(100, -0.000766754, 0.000427246, 0.000415802, 6.19888e-05, -100, 0.000762939, 100, 7.9155e-05, -0.00214195, 15.1492, 0.00250244)
bone_name = "mixamorig_RightForeArm"
joint_constraints/bias = 0.3
joint_constraints/damping = 1.0
joint_constraints/impulse_clamp = 0.0

[node name="CollisionShape3D" type="CollisionShape3D" parent="Armature/Skeleton3D/PhysicalBoneSimulator3D/Physical Bone mixamorig_RightForeArm" index="0"]
transform = Transform3D(1, 0, 2.32831e-09, 1.44355e-08, -3.72529e-09, 1, 0, -1, 1.86265e-09, 0.00320816, 0.000421405, -0.0146495)
shape = SubResource("CapsuleShape3D_w534t")

[node name="Physical Bone mixamorig_RightHand" type="PhysicalBone3D" parent="Armature/Skeleton3D/PhysicalBoneSimulator3D" index="7"]
transform = Transform3D(30.897, -80.4089, -50.7917, -50.8033, 31.1936, -80.2869, 80.4015, 50.61, -31.2125, -128.653, 34.8109, -92.3723)
joint_type = 1
joint_offset = Transform3D(1, 0, 0, 0, 1, 0, 0, 0, 1, -0.000263727, 0.00177045, 0.0372715)
body_offset = Transform3D(-75.9685, -47.4228, -44.4958, -0.00154495, 68.4257, -72.9242, 65.0292, -55.3987, -51.9826, 1.72235, 2.59685, 2.0527)
bone_name = "mixamorig_RightHand"
joint_constraints/bias = 0.3
joint_constraints/damping = 1.0
joint_constraints/impulse_clamp = 0.0

[node name="CollisionShape3D" type="CollisionShape3D" parent="Armature/Skeleton3D/PhysicalBoneSimulator3D/Physical Bone mixamorig_RightHand" index="0"]
transform = Transform3D(0.77918, -0.61959, 0.0948368, -0.557252, -0.61546, 0.55739, -0.286986, -0.487151, -0.824818, 0.00947416, 0.0756627, -0.0389071)
shape = SubResource("BoxShape3D_4ru28")

[node name="Physical Bone mixamorig_LeftUpLeg" type="PhysicalBone3D" parent="Armature/Skeleton3D/PhysicalBoneSimulator3D" index="8"]
transform = Transform3D(-95.7041, -4.71148, -28.6099, 10.2642, 86.7768, -48.6254, 27.1178, -49.4731, -82.5654, -84.7093, 2.78481, -76.6789)
joint_type = 1
joint_offset = Transform3D(1, 0, 0, 0, 1, 0, 0, 0, 1, -1.57624e-05, 9.21024e-05, 0.190825)
body_offset = Transform3D(100, 0.00044632, 0.0023427, 0.00233936, -0.000843048, -100, -0.000452995, 100, -0.000827789, 0.00112915, 19.0825, -0.00905228)
bone_name = "mixamorig_LeftUpLeg"
joint_constraints/bias = 0.3
joint_constraints/damping = 1.0
joint_constraints/impulse_clamp = 0.0

[node name="CollisionShape3D" type="CollisionShape3D" parent="Armature/Skeleton3D/PhysicalBoneSimulator3D/Physical Bone mixamorig_LeftUpLeg" index="0"]
transform = Transform3D(1, 0, 0, -3.72529e-08, 2.98023e-08, 1, 1.67638e-08, -1, 0, 0.00529185, 0.00924462, 0.0204633)
shape = SubResource("CapsuleShape3D_okq6k")

[node name="Physical Bone mixamorig_LeftLeg" type="PhysicalBone3D" parent="Armature/Skeleton3D/PhysicalBoneSimulator3D" index="9"]
transform = Transform3D(-94.6795, 12.8012, -29.5284, 6.10689, 97.2282, 22.5696, 31.5991, 19.5655, -92.8369, -71.3317, 6.01954, -36.0253)
joint_type = 1
joint_offset = Transform3D(1, 0, 0, 0, 1, 0, 0, 0, 1, -2.76188e-05, 8.7899e-06, 0.268198)
body_offset = Transform3D(100, -0.000627518, 0.000654459, 0.000662446, 0.00112724, -100, 0.000627995, 100, 0.00111771, 0.00258636, 26.8198, -0.00117874)
bone_name = "mixamorig_LeftLeg"
joint_constraints/bias = 0.3
joint_constraints/damping = 1.0
joint_constraints/impulse_clamp = 0.0

[node name="CollisionShape3D" type="CollisionShape3D" parent="Armature/Skeleton3D/PhysicalBoneSimulator3D/Physical Bone mixamorig_LeftLeg" index="0"]
transform = Transform3D(1, -1.11759e-08, -2.98023e-08, -1.49012e-08, 5.96046e-08, 1, 1.49012e-08, -1, 5.96046e-08, -0.00395811, -0.0226099, -0.00439456)
shape = SubResource("CapsuleShape3D_nafrj")

[node name="Physical Bone mixamorig_LeftFoot" type="PhysicalBone3D" parent="Armature/Skeleton3D/PhysicalBoneSimulator3D" index="10"]
transform = Transform3D(2.08207, -99.9461, 2.53958, -54.9453, -3.26602, -83.4886, 83.5265, 0.342908, -54.9836, -63.6707, 8.40089, -5.58288)
joint_type = 1
joint_offset = Transform3D(1, 0, 0, 0, 1, 0, 0, 0, 1, -5.04124e-06, -1.59419e-05, 0.100988)
body_offset = Transform3D(-0.000242829, 100, 0.000411987, -0.00342941, 0.000410557, -100, -100, -0.000242829, 0.00345993, 0.00155258, 10.0988, -0.000853539)
bone_name = "mixamorig_LeftFoot"
joint_constraints/bias = 0.3
joint_constraints/damping = 1.0
joint_constraints/impulse_clamp = 0.0

[node name="CollisionShape3D" type="CollisionShape3D" parent="Armature/Skeleton3D/PhysicalBoneSimulator3D/Physical Bone mixamorig_LeftFoot" index="0"]
transform = Transform3D(0.897227, -0.439858, 0.0388486, -0.0272635, 0.0326274, 0.999098, -0.440729, -0.897475, 0.0172823, -0.00592676, -0.00906119, 0.0109446)
shape = SubResource("BoxShape3D_h15oy")

[node name="Physical Bone mixamorig_RightUpLeg" type="PhysicalBone3D" parent="Armature/Skeleton3D/PhysicalBoneSimulator3D" index="11"]
transform = Transform3D(-97.0029, -6.06221, 23.5306, -16.92, 86.3547, -47.5035, -17.4401, -50.0612, -84.7923, -118.678, 1.24684, -76.6094)
joint_type = 1
joint_offset = Transform3D(1, 0, 0, 0, 1, 0, 0, 0, 1, 2.90492e-05, 6.04142e-05, 0.190844)
body_offset = Transform3D(100, 0.000433922, -0.0013895, -0.00138664, -0.00103378, -100, -0.000432968, 100, -0.00103378, -0.00263977, 19.0844, -0.00584412)
bone_name = "mixamorig_RightUpLeg"
joint_constraints/bias = 0.3
joint_constraints/damping = 1.0
joint_constraints/impulse_clamp = 0.0

[node name="CollisionShape3D" type="CollisionShape3D" parent="Armature/Skeleton3D/PhysicalBoneSimulator3D/Physical Bone mixamorig_RightUpLeg" index="0"]
transform = Transform3D(0.999977, -0.00408296, 0.00558412, -0.00554758, 0.00893643, 0.999945, -0.00413257, -0.999952, 0.00891331, 0.00505972, 0.00951332, 0.0151314)
shape = SubResource("CapsuleShape3D_1ruyg")

[node name="Physical Bone mixamorig_RightLeg" type="PhysicalBone3D" parent="Armature/Skeleton3D/PhysicalBoneSimulator3D" index="12"]
transform = Transform3D(-91.8839, -29.7911, 25.8814, -22.0363, 93.1387, 28.9755, -32.7377, 20.9205, -92.1443, -130.067, 2.56949, -35.7175)
joint_type = 1
joint_offset = Transform3D(1, 0, 0, 0, 1, 0, 0, 0, 1, 0.00047085, -8.30075e-05, 0.268012)
body_offset = Transform3D(100, 0.00108528, -0.000840187, -0.000843525, -0.000394821, -100, -0.00107956, 100, -0.000396729, -0.0468597, 26.8012, 0.00840759)
bone_name = "mixamorig_RightLeg"
joint_constraints/bias = 0.3
joint_constraints/damping = 1.0
joint_constraints/impulse_clamp = 0.0

[node name="CollisionShape3D" type="CollisionShape3D" parent="Armature/Skeleton3D/PhysicalBoneSimulator3D/Physical Bone mixamorig_RightLeg" index="0"]
transform = Transform3D(1, -1.78814e-07, 1.78814e-07, -5.36442e-07, -8.9407e-08, 1, 2.38419e-07, -1, 1.19209e-07, 0.00233206, -0.0213095, 0.0377322)
shape = SubResource("CapsuleShape3D_plhey")

[node name="Physical Bone mixamorig_RightFoot" type="PhysicalBone3D" parent="Armature/Skeleton3D/PhysicalBoneSimulator3D" index="13"]
transform = Transform3D(-96.8598, -13.5566, 20.8421, -24.8631, 52.8075, -81.1985, 0.00157903, -83.8307, -54.5198, -139.154, 2.97746, -5.507)
joint_type = 1
joint_offset = Transform3D(1, 0, 0, 0, 1, 0, 0, 0, 1, 1.66373e-05, 6.86574e-06, 0.100986)
body_offset = Transform3D(100, 0.000832558, 0.00120354, 0.00121117, 0.000453949, -100, -0.00083828, 100, 0.000473022, -0.00178528, 10.0986, -0.000734329)
bone_name = "mixamorig_RightFoot"
joint_constraints/bias = 0.3
joint_constraints/damping = 1.0
joint_constraints/impulse_clamp = 0.0

[node name="CollisionShape3D" type="CollisionShape3D" parent="Armature/Skeleton3D/PhysicalBoneSimulator3D/Physical Bone mixamorig_RightFoot" index="0"]
transform = Transform3D(0.980438, 0.0567105, -0.188475, 0.149616, 0.407435, 0.900897, 0.127885, -0.911471, 0.390969, -0.000783771, 0.00710009, -0.0230385)
shape = SubResource("BoxShape3D_yf4vm")

[node name="CollisionShape3D" type="CollisionShape3D" parent="." index="2"]
transform = Transform3D(1, 0, 0, 0, 1, 0, 0, 0, 1, 0, 1.08214, 0)
visible = false
shape = SubResource("CapsuleShape3D_ot87u")
